[1, 0, 20, 0, 2]
[1, 0, 20, 0, 2]
[0, 0, 3, 84]
[0, 1, 3, 84, 22.0, 18.2, -0.1, 0, '10 00 00 ']
[0, 0, 4, 0]
[0, 1, 4, 0, 0.0, 900.1, 0.1, 0, '10 10 00 ']
[0, 0, 5, 0]
[0, 1, 5, 0, 0.0, 900.1, 0.2, 0, '10 10 00 ']
[0, 0, 6, 0]
[0, 1, 6, 0, 0.0, 16.5, 0.30000000000000004, 0, '10 00 00 ']
[0, 0, 7, 0]
[0, 1, 7, 0, 0.0, 20.5, 0.4, 0, '10 00 00 ']
[0, 0, 8, 0]
[0, 1, 8, 0, 0.0, 17.5, 0.5, 0, '10 00 00 ']
[0, 0, 9, 0]
[0, 1, 9, 0, 0.0, 19.3, 0.6000000000000001, 0, '10 00 00 ']
[0, 0, 13, 81]
[0, 1, 13, 81, 5.0, 17.900000000000002, -0.1, 0, '10 00 00 ']
[1, 0, 20, 0, 2]
[1, 0, 20, 0, 2]
[1, 0, 20, 0, 2]
[0, 0, 3, 85]
[0, 1, 3, 85, 332.0, 18.2, -0.1, 0, '10 00 00 ']
[0, 0, 4, 0]
[0, 1, 4, 0, 0.0, 900.1, 0.1, 0, '10 10 00 ']
[0, 0, 5, 0]
[0, 1, 5, 0, 0.0, 900.1, 0.2, 0, '10 10 00 ']
[0, 0, 6, 0]
[0, 1, 6, 0, 0.0, 16.5, 0.30000000000000004, 0, '10 00 00 ']
[0, 0, 7, 0]
[0, 1, 7, 0, 0.0, 20.5, 0.4, 0, '10 00 00 ']
[0, 0, 8, 0]
[0, 1, 8, 0, 0.0, 17.5, 0.5, 0, '10 00 00 ']
[0, 0, 9, 0]
[0, 1, 9, 0, 0.0, 19.3, 0.6000000000000001, 0, '10 00 00 ']
[0, 0, 13, 82]
[0, 1, 13, 82, 40.0, 17.900000000000002, -0.1, 0, '10 00 00 ']
[1, 0, 20, 0, 2]
[1, 0, 20, 0, 2]
[1, 0, 20, 0, 2]
[0, 0, 3, 86]
[0, 1, 3, 86, 50.0, 18.1, -0.1, 0, '10 00 00 ']
[0, 0, 4, 0]
[0, 1, 4, 0, 0.0, 900.1, 0.1, 0, '10 10 00 ']
[0, 0, 5, 0]
[0, 1, 5, 0, 0.0, 900.1, 0.2, 0, '10 10 00 ']
[0, 0, 6, 0]
[0, 1, 6, 0, 0.0, 16.5, 0.30000000000000004, 0, '10 00 00 ']
[0, 0, 7, 0]
[0, 1, 7, 0, 0.0, 20.5, 0.4, 0, '10 00 00 ']
[0, 0, 8, 0]
[0, 1, 8, 0, 0.0, 17.5, 0.5, 0, '10 00 00 ']
[0, 0, 9, 0]
[0, 1, 9, 0, 0.0, 19.3, 0.6000000000000001, 0, '10 00 00 ']
[0, 0, 13, 83]
[0, 1, 13, 83, 32.0, 17.900000000000002, -0.1, 0, '10 00 00 ']
[1, 0, 20, 0, 2]
[1, 0, 20, 0, 2]
[1, 0, 20, 0, 2]
[0, 0, 3, 87]
[0, 1, 3, 87, 500.0, 18.1, -0.1, 0, '10 00 00 ']
[0, 0, 4, 0]
[0, 1, 4, 0, 0.0, 900.1, 0.1, 0, '10 10 00 ']
[0, 0, 5, 0]
[0, 1, 5, 0, 0.0, 900.1, 0.2, 0, '10 10 00 ']
[0, 0, 6, 0]
[0, 1, 6, 0, 0.0, 16.5, 0.30000000000000004, 0, '10 00 00 ']
[0, 0, 7, 0]
[0, 1, 7, 0, 0.0, 20.5, 0.4, 0, '10 00 00 ']
[0, 0, 8, 0]
[0, 1, 8, 0, 0.0, 17.5, 0.5, 0, '10 00 00 ']
[0, 0, 9, 0]
[0, 1, 9, 0, 0.0, 19.3, 0.6000000000000001, 0, '10 00 00 ']
[0, 0, 13, 84]
[0, 1, 13, 84, 22.0, 17.900000000000002, -0.1, 0, '10 00 00 ']
[1, 0, 20, 0, 2]
[1, 0, 20, 0, 2]
[1, 0, 20, 0, 2]
[0, 0, 3, 88]
[0, 1, 3, 88, 50.0, 18.1, -0.1, 0, '10 00 00 ']
[0, 0, 4, 0]
[0, 1, 4, 0, 0.0, 900.1, 0.1, 0, '10 10 00 ']
[0, 0, 5, 0]
[0, 1, 5, 0, 0.0, 900.1, 0.2, 0, '10 10 00 ']
[0, 0, 6, 0]
[0, 1, 6, 0, 0.0, 16.5, 0.30000000000000004, 0, '10 00 00 ']
[0, 0, 7, 0]
[0, 1, 7, 0, 0.0, 20.5, 0.4, 0, '10 00 00 ']
[0, 0, 8, 0]
[0, 1, 8, 0, 0.0, 17.5, 0.5, 0, '10 00 00 ']
[0, 0, 9, 0]
[0, 1, 9, 0, 0.0, 19.3, 0.6000000000000001, 0, '10 00 00 ']
[0, 0, 13, 85]
[0, 1, 13, 85, 332.0, 17.900000000000002, -0.1, 0, '10 00 00 ']
[1, 0, 20, 0, 2]
[1, 0, 20, 0, 2]
[1, 0, 20, 0, 2]
[0, 0, 3, 89]
[0, 1, 3, 89, 500.0, 18.0, -0.1, 0, '10 00 00 ']
[0, 0, 4, 0]
[0, 1, 4, 0, 0.0, 900.1, 0.1, 0, '10 10 00 ']
[0, 0, 5, 0]
[0, 1, 5, 0, 0.0, 900.1, 0.2, 0, '10 10 00 ']
[0, 0, 6, 0]
[0, 1, 6, 0, 0.0, 16.5, 0.30000000000000004, 0, '10 00 00 ']
[0, 0, 7, 0]
[0, 1, 7, 0, 0.0, 20.5, 0.4, 0, '10 00 00 ']
[0, 0, 8, 0]
[0, 1, 8, 0, 0.0, 17.5, 0.5, 0, '10 00 00 ']
[0, 0, 9, 0]
[0, 1, 9, 0, 0.0, 19.3, 0.6000000000000001, 0, '10 00 00 ']
[0, 0, 13, 86]
[0, 1, 13, 86, 50.0, 17.900000000000002, -0.1, 0, '10 00 00 ']
[1, 0, 20, 0, 2]
[1, 0, 20, 0, 2]
[1, 0, 20, 0, 2]
[0, 0, 3, 0]
[0, 1, 3, 0, 30.0, 18.0, -0.1, 0, '10 00 00 ']
[0, 0, 4, 0]
[0, 1, 4, 0, 0.0, 900.1, 0.1, 0, '10 10 00 ']
[0, 0, 5, 0]
[0, 1, 5, 0, 0.0, 900.1, 0.2, 0, '10 10 00 ']
[0, 0, 6, 0]
[0, 1, 6, 0, 0.0, 16.5, 0.30000000000000004, 0, '10 00 00 ']
[0, 0, 7, 0]
[0, 1, 7, 0, 0.0, 20.5, 0.4, 0, '10 00 00 ']
[0, 0, 8, 0]
[0, 1, 8, 0, 0.0, 17.5, 0.5, 0, '10 00 00 ']
[0, 0, 9, 0]
[0, 1, 9, 0, 0.0, 19.3, 0.6000000000000001, 0, '10 00 00 ']
[0, 0, 13, 87]
[0, 1, 13, 87, 500.0, 17.8, -0.1, 0, '10 00 00 ']
[1, 0, 20, 0, 2]
[1, 0, 20, 0, 2]
[1, 0, 20, 0, 2]
[0, 0, 4, 0]
[0, 1, 4, 0, 0.0, 900.1, 0.1, 0, '10 10 00 ']
[0, 0, 5, 0]
[0, 1, 5, 0, 0.0, 900.1, 0.2, 0, '10 10 00 ']
[0, 0, 6, 0]
[0, 1, 6, 0, 0.0, 16.5, 0.30000000000000004, 0, '10 00 00 ']
[0, 0, 7, 0]
[0, 1, 7, 0, 0.0, 20.5, 0.4, 0, '10 00 00 ']
[0, 0, 8, 0]
[0, 1, 8, 0, 0.0, 17.5, 0.5, 0, '10 00 00 ']
[0, 0, 9, 0]
[0, 1, 9, 0, 0.0, 19.3, 0.6000000000000001, 0, '10 00 00 ']
[0, 0, 13, 88]
[0, 1, 13, 88, 50.0, 17.900000000000002, -0.1, 0, '10 00 00 ']
[1, 0, 20, 0, 2]
[1, 0, 20, 0, 2]
[1, 0, 20, 0, 2]
[0, 0, 4, 0]
[0, 1, 4, 0, 0.0, 900.1, 0.1, 0, '10 10 00 ']
[0, 0, 5, 0]
[0, 1, 5, 0, 0.0, 900.1, 0.2, 0, '10 10 00 ']
[0, 0, 6, 0]
[0, 1, 6, 0, 0.0, 16.5, 0.30000000000000004, 0, '10 00 00 ']
[0, 0, 7, 0]
[0, 1, 7, 0, 0.0, 20.5, 0.4, 0, '10 00 00 ']
[0, 0, 8, 0]
[0, 1, 8, 0, 0.0, 17.5, 0.5, 0, '10 00 00 ']
[0, 0, 9, 0]
[0, 1, 9, 0, 0.0, 19.3, 0.6000000000000001, 0, '10 00 00 ']
[0, 0, 13, 89]
[0, 1, 13, 89, 500.0, 17.7, -0.1, 0, '10 00 00 ']
[1, 0, 20, 0, 2]
[1, 0, 20, 0, 2]
[1, 0, 20, 0, 2]
[0, 0, 4, 0]
[0, 1, 4, 0, 0.0, 900.1, 0.1, 0, '10 10 00 ']
[0, 0, 5, 0]
[0, 1, 5, 0, 0.0, 900.1, 0.2, 0, '10 10 00 ']
[0, 0, 6, 0]
[0, 1, 6, 0, 0.0, 16.5, 0.30000000000000004, 0, '10 00 00 ']
[0, 0, 7, 0]
[0, 1, 7, 0, 0.0, 20.5, 0.4, 0, '10 00 00 ']
[0, 0, 8, 0]
[0, 1, 8, 0, 0.0, 17.5, 0.5, 0, '10 00 00 ']
[0, 0, 9, 0]
[0, 1, 9, 0, 0.0, 19.3, 0.6000000000000001, 0, '10 00 00 ']
[0, 0, 13, 0]
[0, 1, 13, 0, 30.0, 17.8, -0.1, 0, '10 00 00 ']
[1, 0, 20, 0, 2]
[1, 0, 20, 0, 2]
[1, 0, 20, 0, 2]
[0, 0, 3, 27]
[0, 1, 3, 27, 0.2, 18.0, -0.1, 0, '10 00 00 ']
[0, 0, 4, 0]
[0, 1, 4, 0, 0.0, 900.1, 0.1, 0, '10 10 00 ']
[0, 0, 5, 0]
[0, 1, 5, 0, 0.0, 900.1, 0.2, 0, '10 10 00 ']
[0, 0, 6, 0]
[0, 1, 6, 0, 0.0, 16.5, 0.30000000000000004, 0, '10 00 00 ']
[0, 0, 7, 0]
[0, 1, 7, 0, 0.0, 20.5, 0.4, 0, '10 00 00 ']
[0, 0, 8, 0]
[0, 1, 8, 0, 0.0, 17.5, 0.5, 0, '10 00 00 ']
[0, 0, 9, 0]
[0, 1, 9, 0, 0.0, 19.3, 0.6000000000000001, 0, '10 00 00 ']
[1, 0, 20, 0, 2]
[1, 0, 20, 0, 2]
[1, 0, 20, 0, 2]
[0, 0, 3, 46]
[0, 1, 3, 46, 0.7000000000000001, 18.0, -0.1, 0, '10 00 00 ']
[0, 0, 4, 0]
[0, 1, 4, 0, 0.0, 900.1, 0.1, 0, '10 10 00 ']
[0, 0, 5, 0]
[0, 1, 5, 0, 0.0, 900.1, 0.2, 0, '10 10 00 ']
[0, 0, 6, 0]
[0, 1, 6, 0, 0.0, 16.5, 0.30000000000000004, 0, '10 00 00 ']
[0, 0, 7, 0]
[0, 1, 7, 0, 0.0, 20.5, 0.4, 0, '10 00 00 ']
[0, 0, 8, 0]
[0, 1, 8, 0, 0.0, 17.5, 0.5, 0, '10 00 00 ']
[0, 0, 9, 0]
[0, 1, 9, 0, 0.0, 19.3, 0.6000000000000001, 0, '10 00 00 ']
[1, 0, 20, 0, 2]
[1, 0, 20, 0, 2]
[1, 0, 20, 0, 2]
[0, 0, 4, 0]
[0, 1, 4, 0, 0.0, 900.1, 0.1, 0, '10 10 00 ']
[0, 0, 5, 0]
[0, 1, 5, 0, 0.0, 900.1, 0.2, 0, '10 10 00 ']
[0, 0, 6, 0]
[0, 1, 6, 0, 0.0, 16.5, 0.30000000000000004, 0, '10 00 00 ']
[0, 0, 7, 0]
[0, 1, 7, 0, 0.0, 20.5, 0.4, 0, '10 00 00 ']
[0, 0, 8, 0]
[0, 1, 8, 0, 0.0, 17.5, 0.5, 0, '10 00 00 ']
[0, 0, 9, 0]
[0, 1, 9, 0, 0.0, 19.3, 0.6000000000000001, 0, '10 00 00 ']
[1, 0, 20, 0, 2]
[1, 0, 20, 0, 2]
[1, 0, 20, 0, 2]
[0, 0, 3, 80]
[0, 1, 3, 80, 30.0, 18.2, -0.1, 0, '10 00 00 ']
[0, 0, 4, 0]
[0, 1, 4, 0, 0.0, 900.1, 0.1, 0, '10 10 00 ']
[0, 0, 5, 0]
[0, 1, 5, 0, 0.0, 900.1, 0.2, 0, '10 10 00 ']
[0, 0, 6, 0]
[0, 1, 6, 0, 0.0, 16.5, 0.30000000000000004, 0, '10 00 00 ']
[0, 0, 7, 0]
[0, 1, 7, 0, 0.0, 20.5, 0.4, 0, '10 00 00 ']
[0, 0, 8, 0]
[0, 1, 8, 0, 0.0, 17.5, 0.5, 0, '10 00 00 ']
[0, 0, 9, 0]
[0, 1, 9, 0, 0.0, 19.3, 0.6000000000000001, 0, '10 00 00 ']
[0, 0, 13, 27]
[0, 1, 13, 27, 0.2, 17.900000000000002, -0.1, 0, '10 00 00 ']
[1, 0, 20, 0, 2]
[1, 0, 20, 0, 2]
[1, 0, 20, 0, 2]
[0, 0, 3, 81]
[0, 1, 3, 81, 5.0, 18.2, -0.1, 0, '10 00 00 ']
[0, 0, 4, 0]
[0, 1, 4, 0, 0.0, 900.1, 0.1, 0, '10 10 00 ']
[0, 0, 5, 0]
[0, 1, 5, 0, 0.0, 900.1, 0.2, 0, '10 10 00 ']
[0, 0, 6, 0]
[0, 1, 6, 0, 0.0, 16.5, 0.30000000000000004, 0, '10 00 00 ']
[0, 0, 7, 0]
[0, 1, 7, 0, 0.0, 20.5, 0.4, 0, '10 00 00 ']
[0, 0, 8, 0]
[0, 1, 8, 0, 0.0, 17.5, 0.5, 0, '10 00 00 ']
[0, 0, 9, 0]
[0, 1, 9, 0, 0.0, 19.3, 0.6000000000000001, 0, '10 00 00 ']
[0, 0, 13, 46]
[0, 1, 13, 46, 0.7000000000000001, 17.900000000000002, -0.1, 0, '10 00 00 ']
[1, 0, 20, 0, 2]
[1, 0, 20, 0, 2]
[1, 0, 20, 0, 2]
[0, 0, 3, 82]
[0, 1, 3, 82, 40.0, 18.1, -0.1, 0, '10 00 00 ']
[0, 0, 4, 0]
[0, 1, 4, 0, 0.0, 900.1, 0.1, 0, '10 10 00 ']
[0, 0, 5, 0]
[0, 1, 5, 0, 0.0, 900.1, 0.2, 0, '10 10 00 ']
[0, 0, 6, 0]
[0, 1, 6, 0, 0.0, 16.5, 0.30000000000000004, 0, '10 00 00 ']
[0, 0, 7, 0]
[0, 1, 7, 0, 0.0, 20.5, 0.4, 0, '10 00 00 ']
[0, 0, 8, 0]
[0, 1, 8, 0, 0.0, 17.5, 0.5, 0, '10 00 00 ']
[0, 0, 9, 0]
[0, 1, 9, 0, 0.0, 19.3, 0.6000000000000001, 0, '10 00 00 ']
[1, 0, 20, 0, 2]
[1, 0, 20, 0, 2]
[1, 0, 20, 0, 2]
[0, 0, 3, 83]
[0, 1, 3, 83, 32.0, 18.2, -0.1, 0, '10 00 00 ']
[0, 0, 4, 0]
[0, 1, 4, 0, 0.0, 900.1, 0.1, 0, '10 10 00 ']
[0, 0, 5, 0]
[0, 1, 5, 0, 0.0, 900.1, 0.2, 0, '10 10 00 ']
[0, 0, 6, 0]
[0, 1, 6, 0, 0.0, 16.5, 0.30000000000000004, 0, '10 00 00 ']
[0, 0, 7, 0]
[0, 1, 7, 0, 0.0, 20.5, 0.4, 0, '10 00 00 ']
[0, 0, 8, 0]
[0, 1, 8, 0, 0.0, 17.5, 0.5, 0, '10 00 00 ']
[0, 0, 9, 0]
[0, 1, 9, 0, 0.0, 19.3, 0.6000000000000001, 0, '10 00 00 ']
[0, 0, 13, 80]
[0, 1, 13, 80, 30.0, 17.900000000000002, -0.1, 0, '10 00 00 ']
[1, 0, 20, 0, 2]
[1, 0, 20, 0, 2]
[1, 0, 20, 0, 2]
[0, 0, 3, 84]
[0, 1, 3, 84, 22.0, 18.2, -0.1, 0, '10 00 00 ']
[0, 0, 4, 0]
[0, 1, 4, 0, 0.0, 900.1, 0.1, 0, '10 10 00 ']
[0, 0, 5, 0]
[0, 1, 5, 0, 0.0, 900.1, 0.2, 0, '10 10 00 ']
[0, 0, 6, 0]
[0, 1, 6, 0, 0.0, 16.5, 0.30000000000000004, 0, '10 00 00 ']
[0, 0, 7, 0]
[0, 1, 7, 0, 0.0, 20.5, 0.4, 0, '10 00 00 ']
[0, 0, 8, 0]
[0, 1, 8, 0, 0.0, 17.5, 0.5, 0, '10 00 00 ']
[0, 0, 9, 0]
[0, 1, 9, 0, 0.0, 19.3, 0.6000000000000001, 0, '10 00 00 ']
[0, 0, 13, 81]
[0, 1, 13, 81, 5.0, 17.900000000000002, -0.1, 0, '10 00 00 ']
[1, 0, 20, 0, 2]
[1, 0, 20, 0, 2]
[1, 0, 20, 0, 2]
[0, 0, 3, 85]
[0, 1, 3, 85, 332.0, 18.2, -0.1, 0, '10 00 00 ']
[0, 0, 4, 0]
[0, 1, 4, 0, 0.0, 900.1, 0.1, 0, '10 10 00 ']
[0, 0, 5, 0]
[0, 1, 5, 0, 0.0, 900.1, 0.2, 0, '10 10 00 ']
[0, 0, 6, 0]
[0, 1, 6, 0, 0.0, 16.5, 0.30000000000000004, 0, '10 00 00 ']
[0, 0, 7, 0]
[0, 1, 7, 0, 0.0, 20.5, 0.4, 0, '10 00 00 ']
[0, 0, 8, 0]
[0, 1, 8, 0, 0.0, 17.5, 0.5, 0, '10 00 00 ']
[0, 0, 9, 0]
[0, 1, 9, 0, 0.0, 19.3, 0.6000000000000001, 0, '10 00 00 ']
[0, 0, 13, 82]
[0, 1, 13, 82, 40.0, 18.0, -0.1, 0, '10 00 00 ']
[1, 0, 20, 0, 2]
[1, 0, 20, 0, 2]
[1, 0, 20, 0, 2]
[0, 0, 3, 86]
[0, 1, 3, 86, 50.0, 18.1, -0.1, 0, '10 00 00 ']
[0, 0, 4, 0]
[0, 1, 4, 0, 0.0, 900.1, 0.1, 0, '10 10 00 ']
[0, 0, 5, 0]
[0, 1, 5, 0, 0.0, 900.1, 0.2, 0, '10 10 00 ']
[0, 0, 6, 0]
[0, 1, 6, 0, 0.0, 16.5, 0.30000000000000004, 0, '10 00 00 ']
[0, 0, 7, 0]
[0, 1, 7, 0, 0.0, 20.5, 0.4, 0, '10 00 00 ']
[0, 0, 8, 0]
[0, 1, 8, 0, 0.0, 17.5, 0.5, 0, '10 00 00 ']
[0, 0, 9, 0]
[0, 1, 9, 0, 0.0, 19.3, 0.6000000000000001, 0, '10 00 00 ']
[0, 0, 13, 83]
[0, 1, 13, 83, 32.0, 17.900000000000002, -0.1, 0, '10 00 00 ']
[1, 0, 20, 0, 2]
[1, 0, 20, 0, 2]
[1, 0, 20, 0, 2]
[0, 0, 3, 87]
[0, 1, 3, 87, 500.0, 18.1, -0.1, 0, '10 00 00 ']
[0, 0, 4, 0]
[0, 1, 4, 0, 0.0, 900.1, 0.1, 0, '10 10 00 ']
[0, 0, 5, 0]
[0, 1, 5, 0, 0.0, 900.1, 0.2, 0, '10 10 00 ']
[0, 0, 6, 0]
[0, 1, 6, 0, 0.0, 16.5, 0.30000000000000004, 0, '10 00 00 ']
[0, 0, 7, 0]
[0, 1, 7, 0, 0.0, 20.5, 0.4, 0, '10 00 00 ']
[0, 0, 8, 0]
[0, 1, 8, 0, 0.0, 17.5, 0.5, 0, '10 00 00 ']
[0, 0, 9, 0]
[0, 1, 9, 0, 0.0, 19.3, 0.6000000000000001, 0, '10 00 00 ']
[0, 0, 13, 84]
[0, 1, 13, 84, 22.0, 17.900000000000002, -0.1, 0, '10 00 00 ']
[1, 0, 20, 0, 2]
[1, 0, 20, 0, 2]
[1, 0, 20, 0, 2]
[0, 0, 3, 88]
[0, 1, 3, 88, 50.0, 18.1, -0.1, 0, '10 00 00 ']
[0, 0, 4, 0]
[0, 1, 4, 0, 0.0, 900.1, 0.1, 0, '10 10 00 ']
[0, 0, 5, 0]
[0, 1, 5, 0, 0.0, 900.1, 0.2, 0, '10 10 00 ']
[0, 0, 6, 0]
[0, 1, 6, 0, 0.0, 16.5, 0.30000000000000004, 0, '10 00 00 ']
[0, 0, 7, 0]
[0, 1, 7, 0, 0.0, 20.5, 0.4, 0, '10 00 00 ']
[0, 0, 8, 0]
[0, 1, 8, 0, 0.0, 17.5, 0.5, 0, '10 00 00 ']
[0, 0, 9, 0]
[0, 1, 9, 0, 0.0, 19.3, 0.6000000000000001, 0, '10 00 00 ']
[0, 0, 13, 85]
[0, 1, 13, 85, 332.0, 17.900000000000002, -0.1, 0, '10 00 00 ']
[1, 0, 20, 0, 2]
[1, 0, 20, 0, 2]
[1, 0, 20, 0, 2]
[0, 0, 3, 89]
[0, 1, 3, 89, 500.0, 18.1, -0.1, 0, '10 00 00 ']
[0, 0, 4, 0]
[0, 1, 4, 0, 0.0, 900.1, 0.1, 0, '10 10 00 ']
[0, 0, 5, 0]
[0, 1, 5, 0, 0.0, 900.1, 0.2, 0, '10 10 00 ']
[0, 0, 6, 0]
[0, 1, 6, 0, 0.0, 16.5, 0.30000000000000004, 0, '10 00 00 ']
[0, 0, 7, 0]
[0, 1, 7, 0, 0.0, 20.5, 0.4, 0, '10 00 00 ']
[0, 0, 8, 0]
[0, 1, 8, 0, 0.0, 17.5, 0.5, 0, '10 00 00 ']
[0, 0, 9, 0]
[0, 1, 9, 0, 0.0, 19.3, 0.6000000000000001, 0, '10 00 00 ']
[0, 0, 13, 86]
[0, 1, 13, 86, 50.0, 17.900000000000002, -0.1, 0, '10 00 00 ']
[1, 0, 20, 0, 2]
[1, 0, 20, 0, 2]
[1, 0, 20, 0, 2]
[0, 0, 3, 0]
[0, 1, 3, 0, 30.0, 18.2, -0.1, 0, '10 00 00 ']
[0, 0, 4, 0]
[0, 1, 4, 0, 0.0, 900.1, 0.1, 0, '10 10 00 ']
[0, 0, 5, 0]
[0, 1, 5, 0, 0.0, 900.1, 0.2, 0, '10 10 00 ']
[0, 0, 6, 0]
[0, 1, 6, 0, 0.0, 16.5, 0.30000000000000004, 0, '10 00 00 ']
[0, 0, 7, 0]
[0, 1, 7, 0, 0.0, 20.5, 0.4, 0, '10 00 00 ']
[0, 0, 8, 0]
[0, 1, 8, 0, 0.0, 17.5, 0.5, 0, '10 00 00 ']
[0, 0, 9, 0]
[0, 1, 9, 0, 0.0, 19.3, 0.6000000000000001, 0, '10 00 00 ']
[0, 0, 13, 87]
[0, 1, 13, 87, 500.0, 17.900000000000002, -0.1, 0, '10 00 00 ']
[1, 0, 20, 0, 2]
[1, 0, 20, 0, 2]
[1, 0, 20, 0, 2]
[0, 0, 4, 0]
[0, 1, 4, 0, 0.0, 900.1, 0.1, 0, '10 10 00 ']
[0, 0, 5, 0]
[0, 1, 5, 0, 0.0, 900.1, 0.2, 0, '10 10 00 ']
[0, 0, 6, 0]
[0, 1, 6, 0, 0.0, 16.5, 0.30000000000000004, 0, '10 00 00 ']
[0, 0, 7, 0]
[0, 1, 7, 0, 0.0, 20.5, 0.4, 0, '10 00 00 ']
[0, 0, 8, 0]
[0, 1, 8, 0, 0.0, 17.5, 0.5, 0, '10 00 00 ']
[0, 0, 9, 0]
[0, 1, 9, 0, 0.0, 19.3, 0.6000000000000001, 0, '10 00 00 ']
[0, 0, 13, 88]
[0, 1, 13, 88, 50.0, 17.900000000000002, -0.1, 0, '10 00 00 ']
[1, 0, 20, 0, 2]
[1, 0, 20, 0, 2]
[1, 0, 20, 0, 2]
[0, 0, 4, 0]
[0, 1, 4, 0, 0.0, 900.1, 0.1, 0, '10 10 00 ']
[0, 0, 5, 0]
[0, 1, 5, 0, 0.0, 900.1, 0.2, 0, '10 10 00 ']
[0, 0, 6, 0]
[0, 1, 6, 0, 0.0, 16.5, 0.30000000000000004, 0, '10 00 00 ']
[0, 0, 7, 0]
[0, 1, 7, 0, 0.0, 20.5, 0.4, 0, '10 00 00 ']
[0, 0, 8, 0]
[0, 1, 8, 0, 0.0, 17.5, 0.5, 0, '10 00 00 ']
[0, 0, 9, 0]
[0, 1, 9, 0, 0.0, 19.3, 0.6000000000000001, 0, '10 00 00 ']
[0, 0, 13, 89]
[0, 1, 13, 89, 500.0, 17.900000000000002, -0.1, 0, '10 00 00 ']
[1, 0, 20, 0, 2]
[1, 0, 20, 0, 2]
[1, 0, 20, 0, 2]
[0, 0, 4, 0]
[0, 1, 4, 0, 0.0, 900.1, 0.1, 0, '10 10 00 ']
[0, 0, 5, 0]
[0, 1, 5, 0, 0.0, 900.1, 0.2, 0, '10 10 00 ']
[0, 0, 6, 0]
[0, 1, 6, 0, 0.0, 16.5, 0.30000000000000004, 0, '10 00 00 ']
[0, 0, 7, 0]
[0, 1, 7, 0, 0.0, 20.5, 0.4, 0, '10 00 00 ']
[0, 0, 8, 0]
[0, 1, 8, 0, 0.0, 17.5, 0.5, 0, '10 00 00 ']
[0, 0, 9, 0]
[0, 1, 9, 0, 0.0, 19.3, 0.6000000000000001, 0, '10 00 00 ']
[0, 0, 13, 0]
[0, 1, 13, 0, 30.0, 17.900000000000002, -0.1, 0, '10 00 00 ']
[1, 0, 20, 0, 2]
[1, 0, 20, 0, 2]
[1, 0, 20, 0, 2]
[0, 0, 3, 27]
[0, 1, 3, 27, 0.2, 18.0, -0.1, 0, '10 00 00 ']
[0, 0, 4, 0]
[0, 1, 4, 0, 0.0, 900.1, 0.1, 0, '10 10 00 ']
[0, 0, 5, 0]
[0, 1, 5, 0, 0.0, 900.1, 0.2, 0, '10 10 00 ']
[0, 0, 6, 0]
[0, 1, 6, 0, 0.0, 16.5, 0.30000000000000004, 0, '10 00 00 ']
[0, 0, 7, 0]
[0, 1, 7, 0, 0.0, 20.5, 0.4, 0, '10 00 00 ']
[0, 0, 8, 0]
[0, 1, 8, 0, 0.0, 17.5, 0.5, 0, '10 00 00 ']
[0, 0, 9, 0]
[0, 1, 9, 0, 0.0, 19.3, 0.6000000000000001, 0, '10 00 00 ']
[1, 0, 20, 0, 2]
[1, 0, 20, 0, 2]
[1, 0, 20, 0, 2]
[0, 0, 3, 46]
[0, 1, 3, 46, 0.7000000000000001, 18.0, -0.1, 0, '10 00 00 ']
[0, 0, 4, 0]
[0, 1, 4, 0, 0.0, 900.1, 0.1, 0, '10 10 00 ']
[0, 0, 5, 0]
[0, 1, 5, 0, 0.0, 900.1, 0.2, 0, '10 10 00 ']
[0, 0, 6, 0]
[0, 1, 6, 0, 0.0, 16.5, 0.30000000000000004, 0, '10 00 00 ']
[0, 0, 7, 0]
[0, 1, 7, 0, 0.0, 20.5, 0.4, 0, '10 00 00 ']
[0, 0, 8, 0]
[0, 1, 8, 0, 0.0, 17.5, 0.5, 0, '10 00 00 ']
[0, 0, 9, 0]
[0, 1, 9, 0, 0.0, 19.3, 0.6000000000000001, 0, '10 00 00 ']
[1, 0, 20, 0, 2]
[1, 0, 20, 0, 2]
[1, 0, 20, 0, 2]
[0, 0, 4, 0]
[0, 1, 4, 0, 0.0, 900.1, 0.1, 0, '10 10 00 ']
[0, 0, 5, 0]
[0, 1, 5, 0, 0.0, 900.1, 0.2, 0, '10 10 00 ']
[0, 0, 6, 0]
[0, 1, 6, 0, 0.0, 16.5, 0.30000000000000004, 0, '10 00 00 ']
[0, 0, 7, 0]
[0, 1, 7, 0, 0.0, 20.5, 0.4, 0, '10 00 00 ']
[0, 0, 8, 0]
[0, 1, 8, 0, 0.0, 17.5, 0.5, 0, '10 00 00 ']
[0, 0, 9, 0]
[0, 1, 9, 0, 0.0, 19.3, 0.6000000000000001, 0, '10 00 00 ']
[1, 0, 20, 0, 2]
