	 83 83 52 00 00 00 55 00 ad fd 1e 00 00 60 1e 00 ec 5d 84 84 52 00 00 00 56 00 29 23 01 00 00 50
	 00 00 2e 73 85 85 52 00 00 00 57 00 29 23 02 00 00 50 00 00 30 73 86 86 52 00 00 00 58 00 29 23
	 03 00 00 50 00 00 32 73 87 87 52 00 00 00 59 00 29 23 04 00 00 50 00 00 34 73 88 88 52 00 00 00
	 5a 00 29 23 05 00 00 50 00 00 36 73 89 89 52 00 00 00 5b 00 29 23 06 00 00 50 00 00 38 73 8d 8d
	 52 00 00 00 5f 00 8d 21 1e 00 00 70 1e 00 d6 91 14 03 00 00 00 01 86 cf
	 14 03 00 00 00 01 86 cf
	 14 03 00 00 00 01 86 cf
	 14 03 00 00 00 02 c6 ce
	 14 03 00 00 00 02 c6 ce
	 14 03 00 00 00 02 c6 ce
	 8d 8d 43 2e 00 00 50 2e 8d 21 1e 00 00 70 01 00 b9 91 8d 8d 43 1b 00 00 50 1b
	 8d 21 1e 00 00 70 00 00 b8 91 8d 8d 43 50 00 00 50 50
	 8d 21 1e 00 00 70 00 00 b8 91 8d 8d 43 52 00 00 50 52
	 8d 21 00 00 00 70 00 00 9a 91 8d 8d 43 54 00 00 50 54
	 8d 21 00 00 00 70 00 00 9a 91 8d 8d 43 56 00 00 50 56
	 8d 21 00 00 00 70 00 00 9a 91 8d 8d 43 58 00 00 50 58
	 8d 21 00 00 00 70 00 00 9a 91 8d 8d 43 51 00 00 50 51 8d 21 00 00 00 70 00 00 9a 91 8d 8d 43 53
	 00 00 50 53 8d 21 00 00 00 70 00 00 9a 91 8d 8d 43 55 00 00 50 55
	 8d 21 00 00 00 70 00 00 9a 91 8d 8d 43 57 00 00 50 57
	 8d 21 00 00 00 70 00 00 9a 91 8d 8d 43 59 00 00 50 59
	 8d 21 00 00 00 70 00 00 9a 91 84 84 52 00 00 00 56 00 29 23 01 00 00 50 00 00 2e 73 85 85 52 00 00 00 57 00 29 23 02 00 00 50
	 00 00 30 73 86 86 52 00 00 00 58 00 29 23 03 00 00 50 00 00 32 73 87 87 52 00 00 00 59 00 29 23
	 04 00 00 50 00 00 34 73 88 88 52 00 00 00 5a 00 29 23 05 00 00 50 00 00 36 73 89 89 52 00 00 00
	 5b 00 29 23 06 00 00 50 00 00 38 73 14 03 00 00 00 02 c6 ce
	 14 03 00 00 00 02 c6 ce
	 14 03 00 00 00 02 c6 ce
	 84 84 52 00 00 00 56 00 29 23 01 00 00 50 00 00 2e 73 85 85 52 00 00 00 57 00 29 23 02 00 00 50
	 00 00 30 73 86 86 52 00 00 00 58 00 29 23 03 00 00 50 00 00 32 73 87 87 52 00 00 00 59 00 29 23
	 04 00 00 50 00 00 34 73 88 88 52 00 00 00 5a 00 29 23 05 00 00 50 00 00 36 73 89 89 52 00 00 00
	 5b 00 29 23 06 00 00 50 00 00 38 73 14 03 00 00 00 02 c6 ce
	 14 03 00 00 00 02 c6 ce
	 14 03 00 00 00 02 c6 ce
	 84 84 52 00 00 00 56 00 29 23 01 00 00 50 00 00 2e 73 85 85 52 00 00 00 57 00 29 23 02 00 00 50
	 00 00 30 73 86 86 52 00 00 00 58 00 29 23 03 00 00 50 00 00 32 73 87 87 52 00 00 00 59 00 29 23
	 04 00 00 50 00 00 34 73 88 88 52 00 00 00 5a 00 29 23 05 00 00 50 00 00 36 73 89 89 52 00 00 00
	 5b 00 29 23 06 00 00 50 00 00 38 73 14 03 00 00 00 02 c6 ce
	 14 03 00 00 00 02 c6 ce
	 14 03 00 00 00 02 c6 ce
	 83 83 52 1b 00 00 55 1b ad fd 1e 00 00 60 01 00 cf 5d 84 84 52 00 00 00 56 00 29 23 01 00 00 50
	 00 00 2e 73 85 85 52 00 00 00 57 00 29 23 02 00 00 50 00 00 30 73 86 86 52 00 00 00 58 00 29 23
	 03 00 00 50 00 00 32 73 87 87 52 00 00 00 59 00 29 23 04 00 00 50 00 00 34 73 88 88 52 00 00 00
	 5a 00 29 23 05 00 00 50 00 00 36 73 89 89 52 00 00 00 5b 00 29 23 06 00 00 50 00 00 38 73 8d 8d
	 52 1b 00 00 5f 1b 8d 21 00 00 00 70 02 00 9c 91 14 03 00 00 00 02 c6 ce
	 14 03 00 00 00 02 c6 ce
	 14 03 00 00 00 02 c6 ce
	 8d 8d 43 1b 01 00 51 1b
	 8d 21 00 00 00 70 01 00 9b 91 83 83 52 2e 00 00 55 2e
	 ad fd 1e 00 00 60 01 00 cf 5d 84 84 52 00 00 00 56 00 29 23 01 00 00 50 00 00 2e 73 85 85 52 00
	 00 00 57 00 29 23 02 00 00 50 00 00 30 73 86 86 52 00 00 00 58 00 29 23 03 00 00 50 00 00 32 73
	 87 87 52 00 00 00 59 00 29 23 04 00 00 50 00 00 34 73 88 88 52 00 00 00 5a 00 29 23 05 00 00 50
	 00 00 36 73 89 89 52 00 00 00 5b 00 29 23 06 00 00 50 00 00 38 73 8d 8d 52 2e 00 00 5f 2e 8d 21
	 00 00 00 70 01 00 9b 91 14 03 00 00 00 02 c6 ce 14 03 00 00 00 02 c6 ce
	 14 03 00 00 00 02 c6 ce
	 8d 8d 43 2e 01 00 51 2e 8d 21 00 00 00 70 01 00 9b 91
	 84 84 52 00 00 00 56 00 29 23 01 00 00 50 00 00 2e 73 85 85 52 00 00 00 57 00 29 23 02 00 00 50
	 00 00 30 73 86 86 52 00 00 00 58 00 29 23 03 00 00 50 00 00 32 73 87 87 52 00 00 00 59 00 29 23 04 00 00 50 00 00 34 73 88 88 52 00 00 00 5a 00 29 23 05 00 00 50 00 00 36 73 89 89 52 00 00 00
	 5b 00 29 23 06 00 00 50 00 00 38 73 14 03 00 00 00 02 c6 ce
	 14 03 00 00 00 02 c6 ce
	 14 03 00 00 00 02 c6 ce
	 83 83 52 50 00 00 55 50
	 ad fd 1e 00 00 60 1e 00 ec 5d 84 84 52 00 00 00 56 00 29 23 01 00 00 50 00 00 2e 73 85 85 52 00
	 00 00 57 00 29 23 02 00 00 50 00 00 30 73 86 86 52 00 00 00 58 00 29 23 03 00 00 50 00 00 32 73
	 87 87 52 00 00 00 59 00 29 23 04 00 00 50 00 00 34 73 88 88 52 00 00 00 5a 00 29 23 05 00 00 50
	 00 00 36 73 89 89 52 00 00 00 5b 00 29 23 06 00 00 50 00 00 38 73 8d 8d 52 50 00 00 5f 50 8d 21
	 00 00 00 70 00 00 9a 91 14 03 00 00 00 02 c6 ce 14 03 00 00 00 02 c6 ce
	 14 03 00 00 00 02 c6 ce
	 8d 8d 43 50 1e 00 6e 50
	 8d 21 00 00 00 70 1e 00 b8 91 83 83 52 51 00 00 55 51
	 ad fd 1e 00 00 60 4a 01 18 5f 84 84 52 00 00 00 56 00 29 23 01 00 00 50 00 00 2e 73 85 85 52 00
	 00 00 57 00 29 23 02 00 00 50 00 00 30 73 86 86 52 00 00 00 58 00 29 23 03 00 00 50 00 00 32 73
	 87 87 52 00 00 00 59 00 29 23 04 00 00 50 00 00 34 73 88 88 52 00 00 00 5a 00 29 23 05 00 00 50
	 00 00 36 73 89 89 52 00 00 00 5b 00 29 23 06 00 00 50 00 00 38 73 8d 8d 52 51 00 00 5f 51 8d 21
	 1e 00 00 70 00 00 b8 91 14 03 00 00 00 02 c6 ce 14 03 00 00 00 02 c6 ce
	 14 03 00 00 00 02 c6 ce
	 8d 8d 43 51 4a 01 9a 52 8d 21 1e 00 00 70 4a 01 02 93
	 83 83 52 52 00 00 55 52
	 ad fd 1e 00 00 60 24 ff f2 5c 84 84 52 00 00 00 56 00 29 23 01 00 00 50 00 00 2e 73 85 85 52 00
	 00 00 57 00 29 23 02 00 00 50 00 00 30 73 86 86 52 00 00 00 58 00 29 23 03 00 00 50 00 00 32 73
	 87 87 52 00 00 00 59 00 29 23 04 00 00 50 00 00 34 73 88 88 52 00 00 00 5a 00 29 23 05 00 00 50
	 00 00 36 73 89 89 52 00 00 00 5b 00 29 23 06 00 00 50 00 00 38 73 8d 8d 52 52 00 00 5f 52 8d 21
	 1e 00 00 70 00 00 b8 91 14 03 00 00 00 02 c6 ce 14 03 00 00 00 02 c6 ce
	 14 03 00 00 00 02 c6 ce
	 8d 8d 43 52 24 ff 74 51
	 8d 21 1e 00 00 70 24 ff dc 90 83 83 52 53 00 00 55 53
	 ad fd 1e 00 00 60 4a 01 18 5f 84 84 52 00 00 00 56 00 29 23 01 00 00 50 00 00 2e 73 85 85 52 00
	 00 00 57 00 29 23 02 00 00 50 00 00 30 73 86 86 52 00 00 00 58 00 29 23 03 00 00 50 00 00 32 73
	 87 87 52 00 00 00 59 00 29 23 04 00 00 50 00 00 34 73 88 88 52 00 00 00 5a 00 29 23 05 00 00 50
	 00 00 36 73 89 89 52 00 00 00 5b 00 29 23 06 00 00 50 00 00 38 73 8d 8d 52 53 00 00 5f 53 8d 21
	 1e 00 00 70 00 00 b8 91 14 03 00 00 00 02 c6 ce 14 03 00 00 00 02 c6 ce
	 14 03 00 00 00 02 c6 ce
	 8d 8d 43 53 4a 01 9a 54
	 8d 21 1e 00 00 70 4a 01 02 93 83 83 52 54 00 00 55 54
	 ad fd 1e 00 00 60 00 00 ce 5d 84 84 52 00 00 00 56 00 29 23 01 00 00 50 00 00 2e 73 85 85 52 00 00 00 57 00 29 23 02 00 00 50 00 00 30 73 86 86 52 00 00 00 58 00 29 23 03 00 00 50 00 00 32 73
	 87 87 52 00 00 00 59 00 29 23 04 00 00 50 00 00 34 73 88 88 52 00 00 00 5a 00 29 23 05 00 00 50
	 00 00 36 73 89 89 52 00 00 00 5b 00 29 23 06 00 00 50 00 00 38 73 8d 8d 52 54 00 00 5f 54 8d 21
	 1e 00 00 70 00 00 b8 91 14 03 00 00 00 02 c6 ce 14 03 00 00 00 02 c6 ce
	 14 03 00 00 00 02 c6 ce
	 83 83 52 55 00 00 55 55 ae fd 1e 00 00 60 00 00 cf 5d 84 84 52 00 00 00 56 00 29 23 01 00 00 50
	 00 00 2e 73 85 85 52 00 00 00 57 00 29 23 02 00 00 50 00 00 30 73 86 86 52 00 00 00 58 00 29 23
	 03 00 00 50 00 00 32 73 87 87 52 00 00 00 59 00 29 23 04 00 00 50 00 00 34 73 88 88 52 00 00 00
	 5a 00 29 23 05 00 00 50 00 00 36 73 89 89 52 00 00 00 5b 00 29 23 06 00 00 50 00 00 38 73 8d 8d 52 55 00 00 5f 55
	 8d 21 1e 00 00 70 00 00 b8 91 14 03 00 00 00 02 c6 ce
	 14 03 00 00 00 02 c6 ce
	 14 03 00 00 00 02 c6 ce
	 83 83 52 56 00 00 55 56 ad fd 1e 00 00 60 00 00 ce 5d 84 84 52 00 00 00 56 00 29 23 01 00 00 50
	 00 00 2e 73 85 85 52 00 00 00 57 00 29 23 02 00 00 50 00 00 30 73 86 86 52 00 00 00 58 00 29 23
	 03 00 00 50 00 00 32 73 87 87 52 00 00 00 59 00 29 23 04 00 00 50 00 00 34 73 88 88 52 00 00 00
	 5a 00 29 23 05 00 00 50 00 00 36 73 89 89 52 00 00 00 5b 00 29 23 06 00 00 50 00 00 38 73 8d 8d
	 52 56 00 00 5f 56 8d 21 1e 00 00 70 00 00 b8 91 14 03 00 00 00 02 c6 ce
	 14 03 00 00 00 02 c6 ce
	 14 03 00 00 00 02 c6 ce
	 83 83 52 57 00 00 55 57 ad fd 1e 00 00 60 00 00 ce 5d 84 84 52 00 00 00 56 00 29 23 01 00 00 50
	 00 00 2e 73 85 85 52 00 00 00 57 00 29 23 02 00 00 50 00 00 30 73 86 86 52 00 00 00 58 00 29 23
	 03 00 00 50 00 00 32 73 87 87 52 00 00 00 59 00 29 23 04 00 00 50 00 00 34 73 88 88 52 00 00 00
	 5a 00 29 23 05 00 00 50 00 00 36 73 89 89 52 00 00 00 5b 00 29 23 06 00 00 50 00 00 38 73 8d 8d
	 52 57 00 00 5f 57 8d 21 1e 00 00 70 00 00 b8 91 14 03 00 00 00 02 c6 ce
	 14 03 00 00 00 02 c6 ce
	 14 03 00 00 00 02 c6 ce
	 83 83 52 58 00 00 55 58 ae fd 1e 00 00 60 00 00 cf 5d 84 84 52 00 00 00 56 00 29 23 01 00 00 50
	 00 00 2e 73 85 85 52 00 00 00 57 00 29 23 02 00 00 50 00 00 30 73 86 86 52 00 00 00 58 00 29 23
	 03 00 00 50 00 00 32 73 87 87 52 00 00 00 59 00 29 23 04 00 00 50 00 00 34 73 88 88 52 00 00 00
	 5a 00 29 23 05 00 00 50 00 00 36 73 89 89 52 00 00 00 5b 00 29 23 06 00 00 50 00 00 38 73 8d 8d
	 52 58 00 00 5f 58 8d 21 1e 00 00 70 00 00 b8 91 14 03 00 00 00 02 c6 ce
	 14 03 00 00 00 02 c6 ce
	 14 03 00 00 00 02 c6 ce
	 83 83 52 59 00 00 55 59 ae fd 1e 00 00 60 00 00 cf 5d 84 84 52 00 00 00 56 00 29 23 01 00 00 50
	 00 00 2e 73 85 85 52 00 00 00 57 00 29 23 02 00 00 50 00 00 30 73 86 86 52 00 00 00 58 00 29 23
	 03 00 00 50 00 00 32 73 87 87 52 00 00 00 59 00 29 23 04 00 00 50 00 00 34 73 88 88 52 00 00 00
	 5a 00 29 23 05 00 00 50 00 00 36 73 89 89 52 00 00 00 5b 00 29 23 06 00 00 50 00 00 38 73 8d 8d
	 52 59 00 00 5f 59 8d 21 1e 00 00 70 00 00 b8 91 14 03 00 00 00 02 c6 ce
	 14 03 00 00 00 02 c6 ce
	 14 03 00 00 00 02 c6 ce
	 83 83 52 00 00 00 55 00
	 ad fd 1e 00 00 60 1e 00 ec 5d 84 84 52 00 00 00 56 00 29 23 01 00 00 50 00 00 2e 73 85 85 52 00
	 00 00 57 00 29 23 02 00 00 50 00 00 30 73 86 86 52 00 00 00 58 00 29 23 03 00 00 50 00 00 32 73
	 87 87 52 00 00 00 59 00 29 23 04 00 00 50 00 00 34 73 88 88 52 00 00 00 5a 00 29 23 05 00 00 50
	 00 00 36 73 89 89 52 00 00 00 5b 00 29 23 06 00 00 50 00 00 38 73 8d 8d 52 00 00 00 5f 00 8d 21
	 1e 00 00 70 1e 00 d6 91 14 03 00 00 00 02 c6 ce 14 03 00 00 00 02 c6 ce
	 14 03 00 00 00 02 c6 ce
	 84 84 52 00 00 00 56 00 29 23 01 00 00 50 00 00 2e 73 85 85 52 00 00 00 57 00 29 23 02 00 00 50
	 00 00 30 73 86 86 52 00 00 00 58 00 29 23 03 00 00 50 00 00 32 73 87 87 52 00 00 00 59 00 29 23
	 04 00 00 50 00 00 34 73 88 88 52 00 00 00 5a 00 29 23 05 00 00 50 00 00 36 73 89 89 52 00 00 00
	 5b 00 29 23 06 00 00 50 00 00 38 73 14 03 00 00 00 02 c6 ce
	 14 03 00 00 00 02 c6 ce
	 14 03 00 00 00 02 c6 ce
	 84 84 52 00 00 00 56 00 29 23 01 00 00 50 00 00 2e 73 85 85 52 00 00 00 57 00 29 23 02 00 00 50
	 00 00 30 73 86 86 52 00 00 00 58 00 29 23 03 00 00 50 00 00 32 73 87 87 52 00 00 00 59 00 29 23
	 04 00 00 50 00 00 34 73 88 88 52 00 00 00 5a 00 29 23 05 00 00 50 00 00 36 73 89 89 52 00 00 00
	 5b 00 29 23 06 00 00 50 00 00 38 73 14 03 00 00 00 02 c6 ce
	 14 03 00 00 00 02 c6 ce
	 14 03 00 00 00 02 c6 ce
	 84 84 52 00 00 00 56 00 29 23 01 00 00 50 00 00 2e 73 85 85 52 00 00 00 57 00 29 23 02 00 00 50
	 00 00 30 73 86 86 52 00 00 00 58 00 29 23 03 00 00 50 00 00 32 73 87 87 52 00 00 00 59 00 29 23
	 04 00 00 50 00 00 34 73 88 88 52 00 00 00 5a 00 29 23 05 00 00 50 00 00 36 73 89 89 52 00 00 00
	 5b 00 29 23 06 00 00 50 00 00 38 73 14 03 00 00 00 02 c6 ce
	 14 03 00 00 00 02 c6 ce
	 14 03 00 00 00 02 c6 ce
	 83 83 52 1b 00 00 55 1b
	 ae fd 1e 00 00 60 01 00 d0 5d 84 84 52 00 00 00 56 00 29 23 01 00 00 50 00 00 2e 73 85 85 52 00
	 00 00 57 00 29 23 02 00 00 50 00 00 30 73 86 86 52 00 00 00 58 00 29 23 03 00 00 50 00 00 32 73
	 87 87 52 00 00 00 59 00 29 23 04 00 00 50 00 00 34 73 88 88 52 00 00 00 5a 00 29 23 05 00 00 50
	 00 00 36 73 89 89 52 00 00 00 5b 00 29 23 06 00 00 50 00 00 38 73 8d 8d 52 1b 00 00 5f 1b 8d 21
	 1e 00 00 70 02 00 ba 91 14 03 00 00 00 02 c6 ce 14 03 00 00 00 02 c6 ce
	 14 03 00 00 00 02 c6 ce
	 8d 8d 43 1b 01 00 51 1b 8d 21 1e 00 00 70 01 00 b9 91 83 83 52 2e 00 00 55 2e
	 ae fd 1e 00 00 60 01 00 d0 5d 84 84 52 00 00 00 56 00 29 23 01 00 00 50 00 00 2e 73 85 85 52 00
	 00 00 57 00 29 23 02 00 00 50 00 00 30 73 86 86 52 00 00 00 58 00 29 23 03 00 00 50 00 00 32 73
	 87 87 52 00 00 00 59 00 29 23 04 00 00 50 00 00 34 73 88 88 52 00 00 00 5a 00 29 23 05 00 00 50
	 00 00 36 73 89 89 52 00 00 00 5b 00 29 23 06 00 00 50 00 00 38 73 8d 8d 52 2e 00 00 5f 2e 8d 21
	 1e 00 00 70 01 00 b9 91 14 03 00 00 00 02 c6 ce 14 03 00 00 00 02 c6 ce
	 14 03 00 00 00 02 c6 ce
	 84 84 52 00 00 00 56 00 29 23 01 00 00 50 00 00 2e 73 85 85 52 00 00 00 57 00 29 23 02 00 00 50
	 00 00 30 73 86 86 52 00 00 00 58 00 29 23 03 00 00 50 00 00 32 73 87 87 52 00 00 00 59 00 29 23
	 04 00 00 50 00 00 34 73 88 88 52 00 00 00 5a 00 29 23 05 00 00 50 00 00 36 73 89 89 52 00 00 00
	 5b 00 29 23 06 00 00 50 00 00 38 73 14 03 00 00 00 02 c6 ce
	 14 03 00 00 00 02 c6 ce
	 14 03 00 00 00 02 c6 ce
	 83 83 52 50 00 00 55 50 ae fd 1e 00 00 60 1e 00 ed 5d 84 84 52 00 00 00 56 00 29 23 01 00 00 50
	 00 00 2e 73 85 85 52 00 00 00 57 00 29 23 02 00 00 50 00 00 30 73 86 86 52 00 00 00 58 00 29 23
	 03 00 00 50 00 00 32 73 87 87 52 00 00 00 59 00 29 23 04 00 00 50 00 00 34 73 88 88 52 00 00 00
	 5a 00 29 23 05 00 00 50 00 00 36 73 89 89 52 00 00 00 5b 00 29 23 06 00 00 50 00 00 38 73 8d 8d
	 52 50 00 00 5f 50 8d 21 1e 00 00 70 1e 00 d6 91 14 03 00 00 00 02 c6 ce
	 14 03 00 00 00 02 c6 ce
	 14 03 00 00 00 02 c6 ce
	 83 83 52 51 00 00 55 51
	 ae fd 1e 00 00 60 4a 01 19 5f 84 84 52 00 00 00 56 00 29 23 01 00 00 50 00 00 2e 73 85 85 52 00
	 00 00 57 00 29 23 02 00 00 50 00 00 30 73 86 86 52 00 00 00 58 00 29 23 03 00 00 50 00 00 32 73
	 87 87 52 00 00 00 59 00 29 23 04 00 00 50 00 00 34 73 88 88 52 00 00 00 5a 00 29 23 05 00 00 50
	 00 00 36 73 89 89 52 00 00 00 5b 00 29 23 06 00 00 50 00 00 38 73 8d 8d 52 51 00 00 5f 51 8d 21
	 1e 00 00 70 4a 01 02 93 14 03 00 00 00 02 c6 ce 14 03 00 00 00 02 c6 ce
	 14 03 00 00 00 02 c6 ce
	 83 83 52 52 00 00 55 52 ae fd 1e 00 00 60 24 ff f3 5c 84 84 52 00 00 00 56 00 29 23 01 00 00 50
	 00 00 2e 73 85 85 52 00 00 00 57 00 29 23 02 00 00 50 00 00 30 73 86 86 52 00 00 00 58 00 29 23
	 03 00 00 50 00 00 32 73 87 87 52 00 00 00 59 00 29 23 04 00 00 50 00 00 34 73 88 88 52 00 00 00
	 5a 00 29 23 05 00 00 50 00 00 36 73 89 89 52 00 00 00 5b 00 29 23 06 00 00 50 00 00 38 73 8d 8d
	 52 52 00 00 5f 52 8d 21 1e 00 00 70 24 ff dc 90 14 03 00 00 00 02 c6 ce
	 14 03 00 00 00 02 c6 ce
	 14 03 00 00 00 02 c6 ce
	 83 83 52 53 00 00 55 53 ae fd 1e 00 00 60 4a 01 19 5f 84 84 52 00 00 00 56 00 29 23 01 00 00 50
	 00 00 2e 73 85 85 52 00 00 00 57 00 29 23 02 00 00 50 00 00 30 73 86 86 52 00 00 00 58 00 29 23
	 03 00 00 50 00 00 32 73 87 87 52 00 00 00 59 00 29 23 04 00 00 50 00 00 34 73 88 88 52 00 00 00 5a 00 29 23 05 00 00 50 00 00 36 73 89 89 52 00 00 00 5b 00 29 23 06 00 00 50 00 00 38 73 8d 8d
	 52 53 00 00 5f 53 8d 21 1e 00 00 70 4a 01 02 93 14 03 00 00 00 02 c6 ce
	 14 03 00 00 00 02 c6 ce
	 14 03 00 00 00 02 c6 ce
	 83 83 52 54 00 00 55 54 ae fd 1e 00 00 60 00 00 cf 5d 84 84 52 00 00 00 56 00 29 23 01 00 00 50
	 00 00 2e 73 85 85 52 00 00 00 57 00 29 23 02 00 00 50 00 00 30 73 86 86 52 00 00 00 58 00 29 23
	 03 00 00 50 00 00 32 73 87 87 52 00 00 00 59 00 29 23 04 00 00 50 00 00 34 73 88 88 52 00 00 00
	 5a 00 29 23 05 00 00 50 00 00 36 73 89 89 52 00 00 00 5b 00 29 23 06 00 00 50 00 00 38 73 8d 8d
	 52 54 00 00 5f 54 8d 21 1e 00 00 70 00 00 b8 91 14 03 00 00 00 02 c6 ce
	 14 03 00 00 00 02 c6 ce
	 14 03 00 00 00 02 c6 ce
	 83 83 52 55 00 00 55 55 ae fd 1e 00 00 60 00 00 cf 5d 84 84 52 00 00 00 56 00 29 23 01 00 00 50
	 00 00 2e 73 85 85 52 00 00 00 57 00 29 23 02 00 00 50 00 00 30 73 86 86 52 00 00 00 58 00 29 23 03 00 00 50
	 00 00 32 73 87 87 52 00 00 00 59 00 29 23 04 00 00 50 00 00 34 73 88 88 52 00 00 00 5a 00 29 23
	 05 00 00 50 00 00 36 73 89 89 52 00 00 00 5b 00 29 23 06 00 00 50 00 00 38 73 8d 8d 52 55 00 00 5f 55
	 8d 21 1e 00 00 70 00 00 b8 91 14 03 00 00 00 02 c6 ce
	 14 03 00 00 00 02 c6 ce
	 14 03 00 00 00 02 c6 ce
	 83 83 43 50 2c 01 72 51
	 ae fd 1e 00 00 60 2c 01 fb 5e 8d 8d 43 50 2c 01 7c 51
	 8d 21 1e 00 00 70 2c 01 e4 92 83 83 52 56 00 00 55 56
	 ae fd 2c 01 00 60 00 00 dd 5e 84 84 52 00 00 00 56 00 29 23 01 00 00 50 00 00 2e 73 85 85 52 00
	 00 00 57 00 29 23 02 00 00 50 00 00 30 73 86 86 52 00 00 00 58 00 29 23 03 00 00 50 00 00 32 73
	 87 87 52 00 00 00 59 00 29 23 04 00 00 50 00 00 34 73 88 88 52 00 00 00 5a 00 29 23 05 00 00 50
	 00 00 36 73 89 89 52 00 00 00 5b 00 29 23 06 00 00 50 00 00 38 73 8d 8d 52 56 00 00 5f 56 8d 21
	 2c 01 00 70 00 00 c6 92 14 03 00 00 00 02 c6 ce 14 03 00 00 00 02 c6 ce
	 14 03 00 00 00 02 c6 ce
	 83 83 52 57 00 00 55 57
	 ae fd 2c 01 00 60 00 00 dd 5e 84 84 52 00 00 00 56 00 29 23 01 00 00 50 00 00 2e 73 85 85 52 00
	 00 00 57 00 29 23 02 00 00 50 00 00 30 73 86 86 52 00 00 00 58 00 29 23 03 00 00 50 00 00 32 73
	 87 87 52 00 00 00 59 00 29 23 04 00 00 50 00 00 34 73 88 88 52 00 00 00 5a 00 29 23 05 00 00 50
	 00 00 36 73 89 89 52 00 00 00 5b 00 29 23 06 00 00 50 00 00 38 73 8d 8d 52 57 00 00 5f 57 8d 21 2c 01 00 70 00 00 c6 92 14 03 00 00 00 02 c6 ce
	 14 03 00 00 00 02 c6 ce
	 14 03 00 00 00 02 c6 ce
	 83 83 43 52 c2 01 08 54
	 ae fd 2c 01 00 60 c2 01 9f 60 83 83 52 58 00 00 55 58
	 ae fd 2c 01 00 60 00 00 dd 5e 84 84 52 00 00 00 56 00 29 23 01 00 00 50 00 00 2e 73 85 85 52 00
	 00 00 57 00 29 23 02 00 00 50 00 00 30 73 86 86 52 00 00 00 58 00 29 23 03 00 00 50 00 00 32 73
	 87 87 52 00 00 00 59 00 29 23 04 00 00 50 00 00 34 73 88 88 52 00 00 00 5a 00 29 23 05 00 00 50
	 00 00 36 73 89 89 52 00 00 00 5b 00 29 23 06 00 00 50 00 00 38 73 8d 8d 52 58 00 00 5f 58 8d 21
	 2c 01 00 70 00 00 c6 92 8d 8d 43 52 c2 01 12 54 8d 21 2c 01 00 70 c2 01 88 94 14 03 00 00 00 02 c6 ce
	 14 03 00 00 00 02 c6 ce
	 14 03 00 00 00 02 c6 ce
	 83 83 52 59 00 00 55 59
	 ae fd 2c 01 00 60 00 00 dd 5e 84 84 52 00 00 00 56 00 29 23 01 00 00 50 00 00 2e 73 85 85 52 00
	 00 00 57 00 29 23 02 00 00 50 00 00 30 73 86 86 52 00 00 00 58 00 29 23 03 00 00 50 00 00 32 73
	 87 87 52 00 00 00 59 00 29 23 04 00 00 50 00 00 34 73 88 88 52 00 00 00 5a 00 29 23 05 00 00 50
	 00 00 36 73 89 89 52 00 00 00 5b 00 29 23 06 00 00 50 00 00 38 73 8d 8d 52 59 00 00 5f 59 8d 21
	 2c 01 00 70 00 00 c6 92 14 03 00 00 00 02 c6 ce 14 03 00 00 00 02 c6 ce
	 14 03 00 00 00 02 c6 ce
	 83 83 43 54 f4 01 3a 56 ae fd 2c 01 00 60 f4 01 d1 60 83 83 52 00 00 00 55 00
	 ae fd 2c 01 00 60 2c 01 09 60 84 84 52 00 00 00 56 00 29 23 01 00 00 50 00 00 2e 73 85 85 52 00
	 00 00 57 00 29 23 02 00 00 50 00 00 30 73 86 86 52 00 00 00 58 00 29 23 03 00 00 50 00 00 32 73
	 87 87 52 00 00 00 59 00 29 23 04 00 00 50 00 00 34 73 88 88 52 00 00 00 5a 00 29 23 05 00 00 50
	 00 00 36 73 89 89 52 00 00 00 5b 00 29 23 06 00 00 50 00 00 38 73 8d 8d 52 00 00 00 5f 00 8d 21
	 2c 01 00 70 2c 01 f2 93 14 03 00 00 00 02 c6 ce 14 03 00 00 00 02 c6 ce
	 14 03 00 00 00 02 c6 ce
	 8d 8d 43 54 f4 01 44 56 8d 21 2c 01 00 70 f4 01 ba 94
	 84 84 52 00 00 00 56 00 29 23 01 00 00 50 00 00 2e 73 85 85 52 00 00 00 57 00 29 23 02 00 00 50
	 00 00 30 73 86 86 52 00 00 00 58 00 29 23 03 00 00 50 00 00 32 73 87 87 52 00 00 00 59 00 29 23
	 04 00 00 50 00 00 34 73 88 88 52 00 00 00 5a 00 29 23 05 00 00 50 00 00 36 73 89 89 52 00 00 00
	 5b 00 29 23 06 00 00 50 00 00 38 73 14 03 00 00 00 02 c6 ce
	 14 03 00 00 00 02 c6 ce
	 14 03 00 00 00 02 c6 ce
	 83 83 43 55 70 03 b6 58 ae fd 2c 01 00 60 70 03 4d 62 8d 8d 43 55 70 03 c0 58
	 8d 21 2c 01 00 70 70 03 36 96 84 84 52 00 00 00 56 00 29 23 01 00 00 50 00 00 2e 73 85 85 52 00 00 00 57 00 29 23 02 00 00 50
	 00 00 30 73 86 86 52 00 00 00 58 00 29 23 03 00 00 50 00 00 32 73 87 87 52 00 00 00 59 00 29 23
	 04 00 00 50 00 00 34 73 88 88 52 00 00 00 5a 00 29 23 05 00 00 50 00 00 36 73 89 89 52 00 00 00
	 5b 00 29 23 06 00 00 50 00 00 38 73 14 03 00 00 00 02 c6 ce
	 14 03 00 00 00 02 c6 ce
	 14 03 00 00 00 02 c6 ce
	 84 84 52 00 00 00 56 00 29 23 01 00 00 50 00 00 2e 73 85 85 52 00 00 00 57 00 29 23 02 00 00 50
	 00 00 30 73 86 86 52 00 00 00 58 00 29 23 03 00 00 50 00 00 32 73 87 87 52 00 00 00 59 00 29 23
	 04 00 00 50 00 00 34 73 88 88 52 00 00 00 5a 00 29 23 05 00 00 50 00 00 36 73 89 89 52 00 00 00
	 5b 00 29 23 06 00 00 50 00 00 38 73 14 03 00 00 00 02 c6 ce
	 14 03 00 00 00 02 c6 ce
	 14 03 00 00 00 02 c6 ce
	 83 83 52 1b 00 00 55 1b ae fd 2c 01 00 60 01 00 de 5e 84 84 52 00 00 00 56 00 29 23 01 00 00 50
	 00 00 2e 73 85 85 52 00 00 00 57 00 29 23 02 00 00 50 00 00 30 73 86 86 52 00 00 00 58 00 29 23 03 00 00 50 00 00 32 73 87 87 52 00 00 00 59 00 29 23 04 00 00 50 00 00 34 73 88 88 52 00 00 00
	 5a 00 29 23 05 00 00 50 00 00 36 73 89 89 52 00 00 00 5b 00 29 23 06 00 00 50 00 00 38 73 8d 8d
	 52 1b 00 00 5f 1b 8d 21 2c 01 00 70 01 00 c7 92 14 03 00 00 00 02 c6 ce
	 14 03 00 00 00 02 c6 ce
	 14 03 00 00 00 02 c6 ce
	 83 83 52 2e 00 00 55 2e ae fd 2c 01 00 60 01 00 de 5e 84 84 52 00 00 00 56 00 29 23 01 00 00 50
	 00 00 2e 73 85 85 52 00 00 00 57 00 29 23 02 00 00 50 00 00 30 73 86 86 52 00 00 00 58 00 29 23
	 03 00 00 50 00 00 32 73 87 87 52 00 00 00 59 00 29 23 04 00 00 50 00 00 34 73 88 88 52 00 00 00
	 5a 00 29 23 05 00 00 50 00 00 36 73 89 89 52 00 00 00 5b 00 29 23 06 00 00 50 00 00 38 73 8d 8d
	 52 2e 00 00 5f 2e 8d 21 2c 01 00 70 01 00 c7 92 14 03 00 00 00 02 c6 ce
	 14 03 00 00 00 02 c6 ce
	 14 03 00 00 00 02 c6 ce
	 84 84 52 00 00 00 56 00 29 23 01 00 00 50 00 00 2e 73 85 85 52 00 00 00 57 00 29 23 02 00 00 50
	 00 00 30 73 86 86 52 00 00 00 58 00 29 23 03 00 00 50 00 00 32 73 87 87 52 00 00 00 59 00 29 23
	 04 00 00 50 00 00 34 73 88 88 52 00 00 00 5a 00 29 23 05 00 00 50 00 00 36 73 89 89 52 00 00 00
	 5b 00 29 23 06 00 00 50 00 00 38 73 14 03 00 00 00 02 c6 ce
	 14 03 00 00 00 02 c6 ce
	 14 03 00 00 00 02 c6 ce
	 83 83 52 50 00 00 55 50 ae fd 2c 01 00 60 2c 01 09 60 84 84 52 00 00 00 56 00 29 23 01 00 00 50
	 00 00 2e 73 85 85 52 00 00 00 57 00 29 23 02 00 00 50 00 00 30 73 86 86 52 00 00 00 58 00 29 23
	 03 00 00 50 00 00 32 73 87 87 52 00 00 00 59 00 29 23 04 00 00 50 00 00 34 73 88 88 52 00 00 00
	 5a 00 29 23 05 00 00 50 00 00 36 73 89 89 52 00 00 00 5b 00 29 23 06 00 00 50 00 00 38 73 8d 8d
	 52 50 00 00 5f 50 8d 21 2c 01 00 70 2c 01 f2 93 14 03 00 00 00 02 c6 ce
	 14 03 00 00 00 02 c6 ce
	 14 03 00 00 00 02 c6 ce
	 83 83 52 51 00 00 55 51 ae fd 2c 01 00 60 4a 01 27 60 84 84 52 00 00 00 56 00 29 23 01 00 00 50
	 00 00 2e 73 85 85 52 00 00 00 57 00 29 23 02 00 00 50 00 00 30 73 86 86 52 00 00 00 58 00 29 23
	 03 00 00 50 00 00 32 73 87 87 52 00 00 00 59 00 29 23 04 00 00 50 00 00 34 73 88 88 52 00 00 00
	 5a 00 29 23 05 00 00 50 00 00 36 73 89 89 52 00 00 00 5b 00 29 23 06 00 00 50 00 00 38 73 8d 8d
	 52 51 00 00 5f 51 8d 21 2c 01 00 70 4a 01 10 94 14 03 00 00 00 02 c6 ce
	 14 03 00 00 00 02 c6 ce
	 14 03 00 00 00 02 c6 ce
	 83 83 52 52 00 00 55 52
	 ad fd 2c 01 00 60 c2 01 9e 60 84 84 52 00 00 00 56 00 29 23 01 00 00 50 00 00 2e 73 85 85 52 00
	 00 00 57 00 29 23 02 00 00 50 00 00 30 73 86 86 52 00 00 00 58 00 29 23 03 00 00 50 00 00 32 73
	 87 87 52 00 00 00 59 00 29 23 04 00 00 50 00 00 34 73 88 88 52 00 00 00 5a 00 29 23 05 00 00 50
	 00 00 36 73 89 89 52 00 00 00 5b 00 29 23 06 00 00 50 00 00 38 73 8d 8d 52 52 00 00 5f 52 8d 21
	 2c 01 00 70 c2 01 88 94 14 03 00 00 00 02 c6 ce 14 03 00 00 00 02 c6 ce
	 14 03 00 00 00 02 c6 ce
	 83 83 52 53 00 00 55 53 ad fd 2c 01 00 60 4a 01 26 60 84 84 52 00 00 00 56 00 29 23 01 00 00 50
	 00 00 2e 73 85 85 52 00 00 00 57 00 29 23 02 00 00 50 00 00 30 73 86 86 52 00 00 00 58 00 29 23
	 03 00 00 50 00 00 32 73 87 87 52 00 00 00 59 00 29 23 04 00 00 50 00 00 34 73 88 88 52 00 00 00
	 5a 00 29 23 05 00 00 50 00 00 36 73 89 89 52 00 00 00 5b 00 29 23 06 00 00 50 00 00 38 73 8d 8d
	 52 53 00 00 5f 53 8d 21 2c 01 00 70 4a 01 10 94 14 03 00 00 00 02 c6 ce
	 14 03 00 00 00 02 c6 ce
	 14 03 00 00 00 02 c6 ce
	 83 83 52 54 00 00 55 54 ad fd 2c 01 00 60 f4 01 d0 60 84 84 52 00 00 00 56 00 29 23 01 00 00 50
	 00 00 2e 73 85 85 52 00 00 00 57 00 29 23 02 00 00 50 00 00 30 73 86 86 52 00 00 00 58 00 29 23
	 03 00 00 50 00 00 32 73 87 87 52 00 00 00 59 00 29 23 04 00 00 50 00 00 34 73 88 88 52 00 00 00
	 5a 00 29 23 05 00 00 50 00 00 36 73 89 89 52 00 00 00 5b 00 29 23 06 00 00 50 00 00 38 73 8d 8d
	 52 54 00 00 5f 54 8d 21 2c 01 00 70 f4 01 ba 94 14 03 00 00 00 02 c6 ce
	 14 03 00 00 00 02 c6 ce
	 14 03 00 00 00 02 c6 ce
	 83 83 52 55 00 00 55 55
	 ae fd 2c 01 00 60 70 03 4d 62 84 84 52 00 00 00 56 00 29 23 01 00 00 50 00 00 2e 73 85 85 52 00
	 00 00 57 00 29 23 02 00 00 50 00 00 30 73 86 86 52 00 00 00 58 00 29 23 03 00 00 50 00 00 32 73
	 87 87 52 00 00 00 59 00 29 23 04 00 00 50 00 00 34 73 88 88 52 00 00 00 5a 00 29 23 05 00 00 50
	 00 00 36 73 89 89 52 00 00 00 5b 00 29 23 06 00 00 50 00 00 38 73 8d 8d 52 55 00 00 5f 55
	 8d 21 2c 01 00 70 70 03 36 96 14 03 00 00 00 02 c6 ce
	 14 03 00 00 00 02 c6 ce
	 14 03 00 00 00 02 c6 ce
	 83 83 52 56 00 00 55 56
	 ae fd 2c 01 00 60 00 00 dd 5e 84 84 52 00 00 00 56 00 29 23 01 00 00 50 00 00 2e 73 85 85 52 00
	 00 00 57 00 29 23 02 00 00 50 00 00 30 73 86 86 52 00 00 00 58 00 29 23 03 00 00 50 00 00 32 73
	 87 87 52 00 00 00 59 00 29 23 04 00 00 50 00 00 34 73 88 88 52 00 00 00 5a 00 29 23 05 00 00 50
	 00 00 36 73 89 89 52 00 00 00 5b 00 29 23 06 00 00 50 00 00 38 73 8d 8d 52 56 00 00 5f 56 8d 21 2c 01 00 70 00 00 c6 92 14 03 00 00 00 02 c6 ce
	 14 03 00 00 00 02 c6 ce
	 14 03 00 00 00 02 c6 ce
	 83 83 52 57 00 00 55 57 ae fd 2c 01 00 60 00 00 dd 5e 84 84 52 00 00 00 56 00 29 23 01 00 00 50
	 00 00 2e 73 85 85 52 00 00 00 57 00 29 23 02 00 00 50 00 00 30 73 86 86 52 00 00 00 58 00 29 23
	 03 00 00 50 00 00 32 73 87 87 52 00 00 00 59 00 29 23 04 00 00 50 00 00 34 73 88 88 52 00 00 00
	 5a 00 29 23 05 00 00 50 00 00 36 73 89 89 52 00 00 00 5b 00 29 23 06 00 00 50 00 00 38 73 8d 8d
	 52 57 00 00 5f 57 8d 21 2c 01 00 70 00 00 c6 92 14 03 00 00 00 02 c6 ce
	 14 03 00 00 00 02 c6 ce
	 14 03 00 00 00 02 c6 ce
	 83 83 52 58 00 00 55 58
	 ae fd 2c 01 00 60 00 00 dd 5e 84 84 52 00 00 00 56 00 29 23 01 00 00 50 00 00 2e 73 85 85 52 00
	 00 00 57 00 29 23 02 00 00 50 00 00 30 73 86 86 52 00 00 00 58 00 29 23 03 00 00 50 00 00 32 73
	 87 87 52 00 00 00 59 00 29 23 04 00 00 50 00 00 34 73 88 88 52 00 00 00 5a 00 29 23 05 00 00 50
	 00 00 36 73 89 89 52 00 00 00 5b 00 29 23 06 00 00 50 00 00 38 73 8d 8d 52 58 00 00 5f 58 8d 21
	 2c 01 00 70 00 00 c6 92 14 03 00 00 00 02 c6 ce 14 03 00 00 00 02 c6 ce
	 14 03 00 00 00 02 c6 ce
	 83 83 52 59 00 00 55 59 ad fd 2c 01 00 60 00 00 dc 5e 84 84 52 00 00 00 56 00 29 23 01 00 00 50
	 00 00 2e 73 85 85 52 00 00 00 57 00 29 23 02 00 00 50 00 00 30 73 86 86 52 00 00 00 58 00 29 23
	 03 00 00 50 00 00 32 73 87 87 52 00 00 00 59 00 29 23 04 00 00 50 00 00 34 73 88 88 52 00 00 00
	 5a 00 29 23 05 00 00 50 00 00 36 73 89 89 52 00 00 00 5b 00 29 23 06 00 00 50 00 00 38 73 8d 8d
	 52 59 00 00 5f 59 8d 21 2c 01 00 70 00 00 c6 92 14 03 00 00 00 02 c6 ce
	 14 03 00 00 00 02 c6 ce
	 14 03 00 00 00 02 c6 ce
	 83 83 52 00 00 00 55 00
	 ae fd 2c 01 00 60 2c 01 09 60 84 84 52 00 00 00 56 00 29 23 01 00 00 50 00 00 2e 73 85 85 52 00
	 00 00 57 00 29 23 02 00 00 50 00 00 30 73 86 86 52 00 00 00 58 00 29 23 03 00 00 50 00 00 32 73
	 87 87 52 00 00 00 59 00 29 23 04 00 00 50 00 00 34 73 88 88 52 00 00 00 5a 00 29 23 05 00 00 50
	 00 00 36 73 89 89 52 00 00 00 5b 00 29 23 06 00 00 50 00 00 38 73 8d 8d 52 00 00 00 5f 00 8d 21
	 2c 01 00 70 2c 01 f2 93 14 03 00 00 00 02 c6 ce 14 03 00 00 00 02 c6 ce
	 14 03 00 00 00 02 c6 ce
	 84 84 52 00 00 00 56 00 29 23 01 00 00 50 00 00 2e 73 85 85 52 00 00 00 57 00 29 23 02 00 00 50
	 00 00 30 73 86 86 52 00 00 00 58 00 29 23 03 00 00 50 00 00 32 73 87 87 52 00 00 00 59 00 29 23
	 04 00 00 50 00 00 34 73 88 88 52 00 00 00 5a 00 29 23 05 00 00 50 00 00 36 73 89 89 52 00 00 00
	 5b 00 29 23 06 00 00 50 00 00 38 73 14 03 00 00 00 02 c6 ce
	 14 03 00 00 00 02 c6 ce
	 14 03 00 00 00 02 c6 ce
	 84 84 52 00 00 00 56 00 29 23 01 00 00 50 00 00 2e 73 85 85 52 00 00 00 57 00 29 23 02 00 00 50
	 00 00 30 73 86 86 52 00 00 00 58 00 29 23 03 00 00 50 00 00 32 73 87 87 52 00 00 00 59 00 29 23
	 04 00 00 50 00 00 34 73 88 88 52 00 00 00 5a 00 29 23 05 00 00 50 00 00 36 73 89 89 52 00 00 00 5b 00 29 23 06 00 00 50 00 00 38 73
	 14 03 00 00 00 02 c6 ce
	 14 03 00 00 00 02 c6 ce
	 14 03 00 00 00 02 c6 ce
	 84 84 52 00 00 00 56 00 29 23 01 00 00 50 00 00 2e 73 85 85 52 00 00 00 57 00 29 23 02 00 00 50
	 00 00 30 73 86 86 52 00 00 00 58 00 29 23 03 00 00 50 00 00 32 73 87 87 52 00 00 00 59 00 29 23
	 04 00 00 50 00 00 34 73 88 88 52 00 00 00 5a 00 29 23 05 00 00 50 00 00 36 73 89 89 52 00 00 00
	 5b 00 29 23 06 00 00 50 00 00 38 73 14 03 00 00 00 02 c6 ce
	 14 03 00 00 00 02 c6 ce
	 14 03 00 00 00 02 c6 ce
	 83 83 52 1b 00 00 55 1b
	 ab fd 2c 01 00 60 01 00 db 5e 84 84 52 00 00 00 56 00 29 23 01 00 00 50 00 00 2e 73 85 85 52 00
	 00 00 57 00 29 23 02 00 00 50 00 00 30 73 86 86 52 00 00 00 58 00 29 23 03 00 00 50 00 00 32 73
	 87 87 52 00 00 00 59 00 29 23 04 00 00 50 00 00 34 73 88 88 52 00 00 00 5a 00 29 23 05 00 00 50
	 00 00 36 73 89 89 52 00 00 00 5b 00 29 23 06 00 00 50 00 00 38 73 8d 8d 52 1b 00 00 5f 1b 8d 21
	 2c 01 00 70 01 00 c7 92 14 03 00 00 00 02 c6 ce 14 03 00 00 00 02 c6 ce
	 14 03 00 00 00 02 c6 ce
	 83 83 52 2e 00 00 55 2e ad fd 2c 01 00 60 01 00 dd 5e 84 84 52 00 00 00 56 00 29 23 01 00 00 50
	 00 00 2e 73 85 85 52 00 00 00 57 00 29 23 02 00 00 50 00 00 30 73 86 86 52 00 00 00 58 00 29 23
	 03 00 00 50 00 00 32 73 87 87 52 00 00 00 59 00 29 23 04 00 00 50 00 00 34 73 88 88 52 00 00 00
	 5a 00 29 23 05 00 00 50 00 00 36 73 89 89 52 00 00 00 5b 00 29 23 06 00 00 50 00 00 38 73 8d 8d 52 2e 00 00 5f 2e
	 8d 21 2c 01 00 70 01 00 c7 92 14 03 00 00 00 02 c6 ce
	 14 03 00 00 00 02 c6 ce
	 14 03 00 00 00 02 c6 ce
	 84 84 52 00 00 00 56 00 29 23 01 00 00 50 00 00 2e 73 85 85 52 00 00 00 57 00 29 23 02 00 00 50
	 00 00 30 73 86 86 52 00 00 00 58 00 29 23 03 00 00 50 00 00 32 73 87 87 52 00 00 00 59 00 29 23
	 04 00 00 50 00 00 34 73 88 88 52 00 00 00 5a 00 29 23 05 00 00 50 00 00 36 73 89 89 52 00 00 00
	 5b 00 29 23 06 00 00 50 00 00 38 73 14 03 00 00 00 02 c6 ce
	 14 03 00 00 00 02 c6 ce
	 14 03 00 00 00 02 c6 ce
	 83 83 52 50 00 00 55 50 ae fd 2c 01 00 60 2c 01 09 60 84 84 52 00 00 00 56 00 29 23 01 00 00 50 00 00 2e 73 85 85 52 00 00 00 57 00 29 23 02 00 00 50 00 00 30 73 86 86 52 00 00 00 58 00 29 23
	 03 00 00 50 00 00 32 73 87 87 52 00 00 00 59 00 29 23 04 00 00 50 00 00 34 73 88 88 52 00 00 00 5a 00 29 23 05 00 00 50 00 00 36 73 89 89 52 00 00 00 5b 00 29 23 06 00 00 50 00 00 38 73 8d 8d
	 52 50 00 00 5f 50 8d 21 2c 01 00 70 2c 01 f2 93 14 03 00 00 00 02 c6 ce
	 14 03 00 00 00 02 c6 ce
	 14 03 00 00 00 02 c6 ce
	 83 83 52 51 00 00 55 51 ae fd 2c 01 00 60 4a 01 27 60 84 84 52 00 00 00 56 00 29 23 01 00 00 50
	 00 00 2e 73 85 85 52 00 00 00 57 00 29 23 02 00 00 50 00 00 30 73 86 86 52 00 00 00 58 00 29 23
	 03 00 00 50 00 00 32 73 87 87 52 00 00 00 59 00 29 23 04 00 00 50 00 00 34 73 88 88 52 00 00 00
	 5a 00 29 23 05 00 00 50 00 00 36 73 89 89 52 00 00 00 5b 00 29 23 06 00 00 50 00 00 38 73 8d 8d
	 52 51 00 00 5f 51 8d 21 2c 01 00 70 4a 01 10 94 14 03 00 00 00 02 c6 ce
	 14 03 00 00 00 02 c6 ce
	 14 03 00 00 00 02 c6 ce
	 83 83 52 52 00 00 55 52
	 ae fd 2c 01 00 60 c2 01 9f 60 84 84 52 00 00 00 56 00 29 23 01 00 00 50 00 00 2e 73 85 85 52 00
	 00 00 57 00 29 23 02 00 00 50 00 00 30 73 86 86 52 00 00 00 58 00 29 23 03 00 00 50 00 00 32 73
	 87 87 52 00 00 00 59 00 29 23 04 00 00 50 00 00 34 73 88 88 52 00 00 00 5a 00 29 23 05 00 00 50
	 00 00 36 73 89 89 52 00 00 00 5b 00 29 23 06 00 00 50 00 00 38 73 8d 8d 52 52 00 00 5f 52 8d 21
	 2c 01 00 70 c2 01 88 94 14 03 00 00 00 02 c6 ce 14 03 00 00 00 02 c6 ce
	 14 03 00 00 00 02 c6 ce
	 83 83 52 53 00 00 55 53
	 ae fd 2c 01 00 60 4a 01 27 60 84 84 52 00 00 00 56 00 29 23 01 00 00 50 00 00 2e 73 85 85 52 00
	 00 00 57 00 29 23 02 00 00 50 00 00 30 73 86 86 52 00 00 00 58 00 29 23 03 00 00 50 00 00 32 73
	 87 87 52 00 00 00 59 00 29 23 04 00 00 50 00 00 34 73 88 88 52 00 00 00 5a 00 29 23 05 00 00 50
	 00 00 36 73 89 89 52 00 00 00 5b 00 29 23 06 00 00 50 00 00 38 73 8d 8d 52 53 00 00 5f 53 8d 21 2c 01 00 70 4a 01 10 94 14 03 00 00 00 02 c6 ce
	 14 03 00 00 00 02 c6 ce
	 14 03 00 00 00 02 c6 ce
	 83 83 52 54 00 00 55 54 ae fd 2c 01 00 60 f4 01 d1 60 84 84 52 00 00 00 56 00 29 23 01 00 00 50
	 00 00 2e 73 85 85 52 00 00 00 57 00 29 23 02 00 00 50 00 00 30 73 86 86 52 00 00 00 58 00 29 23
	 03 00 00 50 00 00 32 73 87 87 52 00 00 00 59 00 29 23 04 00 00 50 00 00 34 73 88 88 52 00 00 00
	 5a 00 29 23 05 00 00 50 00 00 36 73 89 89 52 00 00 00 5b 00 29 23 06 00 00 50 00 00 38 73 8d 8d
	 52 54 00 00 5f 54 8d 21 2c 01 00 70 f4 01 ba 94 14 03 00 00 00 02 c6 ce
	 14 03 00 00 00 02 c6 ce
	 14 03 00 00 00 02 c6 ce
	 83 83 52 55 00 00 55 55
	 ad fd 2c 01 00 60 70 03 4c 62 84 84 52 00 00 00 56 00 29 23 01 00 00 50 00 00 2e 73 85 85 52 00
	 00 00 57 00 29 23 02 00 00 50 00 00 30 73 86 86 52 00 00 00 58 00 29 23 03 00 00 50 00 00 32 73
	 87 87 52 00 00 00 59 00 29 23 04 00 00 50 00 00 34 73 88 88 52 00 00 00 5a 00 29 23 05 00 00 50
	 00 00 36 73 89 89 52 00 00 00 5b 00 29 23 06 00 00 50 00 00 38 73 8d 8d 52 55 00 00 5f 55 8d 21
	 2c 01 00 70 70 03 36 96 14 03 00 00 00 02 c6 ce 14 03 00 00 00 02 c6 ce
	 14 03 00 00 00 02 c6 ce
	 83 83 52 56 00 00 55 56
	 ae fd 2c 01 00 60 00 00 dd 5e 84 84 52 00 00 00 56 00 29 23 01 00 00 50 00 00 2e 73 85 85 52 00
	 00 00 57 00 29 23 02 00 00 50 00 00 30 73 86 86 52 00 00 00 58 00 29 23 03 00 00 50 00 00 32 73
	 87 87 52 00 00 00 59 00 29 23 04 00 00 50 00 00 34 73 88 88 52 00 00 00 5a 00 29 23 05 00 00 50
	 00 00 36 73 89 89 52 00 00 00 5b 00 29 23 06 00 00 50 00 00 38 73 8d 8d 52 56 00 00 5f 56 8d 21
	 2c 01 00 70 00 00 c6 92 14 03 00 00 00 02 c6 ce 14 03 00 00 00 02 c6 ce
	 14 03 00 00 00 02 c6 ce
	 83 83 52 57 00 00 55 57
	 ad fd 2c 01 00 60 00 00 dc 5e 84 84 52 00 00 00 56 00 29 23 01 00 00 50 00 00 2e 73 85 85 52 00
	 00 00 57 00 29 23 02 00 00 50 00 00 30 73 86 86 52 00 00 00 58 00 29 23 03 00 00 50 00 00 32 73
	 87 87 52 00 00 00 59 00 29 23 04 00 00 50 00 00 34 73 88 88 52 00 00 00 5a 00 29 23 05 00 00 50
	 00 00 36 73 89 89 52 00 00 00 5b 00 29 23 06 00 00 50 00 00 38 73 8d 8d 52 57 00 00 5f 57 8d 21
	 2c 01 00 70 00 00 c6 92 14 03 00 00 00 02 c6 ce 14 03 00 00 00 02 c6 ce
	 14 03 00 00 00 02 c6 ce
	 83 83 52 58 00 00 55 58
	 ad fd 2c 01 00 60 00 00 dc 5e 84 84 52 00 00 00 56 00 29 23 01 00 00 50 00 00 2e 73 85 85 52 00
	 00 00 57 00 29 23 02 00 00 50 00 00 30 73 86 86 52 00 00 00 58 00 29 23 03 00 00 50 00 00 32 73
	 87 87 52 00 00 00 59 00 29 23 04 00 00 50 00 00 34 73 88 88 52 00 00 00 5a 00 29 23 05 00 00 50
	 00 00 36 73 89 89 52 00 00 00 5b 00 29 23 06 00 00 50 00 00 38 73 8d 8d 52 58 00 00 5f 58 8d 21
	 2c 01 00 70 00 00 c6 92 14 03 00 00 00 02 c6 ce 14 03 00 00 00 02 c6 ce
	 14 03 00 00 00 02 c6 ce
	 83 83 52 59 00 00 55 59 ae fd 2c 01 00 60 00 00 dd 5e 84 84 52 00 00 00 56 00 29 23 01 00 00 50
	 00 00 2e 73 85 85 52 00 00 00 57 00 29 23 02 00 00 50 00 00 30 73 86 86 52 00 00 00 58 00 29 23
	 03 00 00 50 00 00 32 73 87 87 52 00 00 00 59 00 29 23 04 00 00 50 00 00 34 73 88 88 52 00 00 00
	 5a 00 29 23 05 00 00 50 00 00 36 73 89 89 52 00 00 00 5b 00 29 23 06 00 00 50 00 00 38 73 8d 8d
	 52 59 00 00 5f 59 8d 21 2c 01 00 70 00 00 c6 92 14 03 00 00 00 02 c6 ce
	 14 03 00 00 00 02 c6 ce
	 14 03 00 00 00 02 c6 ce
	 83 83 52 00 00 00 55 00
	 ae fd 2c 01 00 60 2c 01 09 60 84 84 52 00 00 00 56 00 29 23 01 00 00 50 00 00 2e 73 85 85 52 00
	 00 00 57 00 29 23 02 00 00 50 00 00 30 73 86 86 52 00 00 00 58 00 29 23 03 00 00 50 00 00 32 73
	 87 87 52 00 00 00 59 00 29 23 04 00 00 50 00 00 34 73 88 88 52 00 00 00 5a 00 29 23 05 00 00 50
	 00 00 36 73 89 89 52 00 00 00 5b 00 29 23 06 00 00 50 00 00 38 73 8d 8d 52 00 00 00 5f 00 8d 21
	 2c 01 00 70 2c 01 f2 93 14 03 00 00 00 02 c6 ce 14 03 00 00 00 02 c6 ce
	 14 03 00 00 00 02 c6 ce
	 84 84 52 00 00 00 56 00 29 23 01 00 00 50 00 00 2e 73 85 85 52 00 00 00 57 00 29 23 02 00 00 50
	 00 00 30 73 86 86 52 00 00 00 58 00 29 23 03 00 00 50 00 00 32 73 87 87 52 00 00 00 59 00 29 23
	 04 00 00 50 00 00 34 73 88 88 52 00 00 00 5a 00 29 23 05 00 00 50 00 00 36 73 89 89 52 00 00 00
	 5b 00 29 23 06 00 00 50 00 00 38 73 14 03 00 00 00 02 c6 ce
	 14 03 00 00 00 02 c6 ce
	 14 03 00 00 00 02 c6 ce
	 84 84 52 00 00 00 56 00 29 23 01 00 00 50 00 00 2e 73 85 85 52 00 00 00 57 00 29 23 02 00 00 50
	 00 00 30 73 86 86 52 00 00 00 58 00 29 23 03 00 00 50 00 00 32 73 87 87 52 00 00 00 59 00 29 23
	 04 00 00 50 00 00 34 73 88 88 52 00 00 00 5a 00 29 23 05 00 00 50 00 00 36 73 89 89 52 00 00 00
	 5b 00 29 23 06 00 00 50 00 00 38 73 14 03 00 00 00 02 c6 ce
	 14 03 00 00 00 02 c6 ce
	 14 03 00 00 00 02 c6 ce
	 84 84 52 00 00 00 56 00 29 23 01 00 00 50 00 00 2e 73 85 85 52 00 00 00 57 00 29 23 02 00 00 50
	 00 00 30 73 86 86 52 00 00 00 58 00 29 23 03 00 00 50 00 00 32 73 87 87 52 00 00 00 59 00 29 23 04 00 00 50 00 00 34 73 88 88 52 00 00 00 5a 00 29 23 05 00 00 50 00 00 36 73 89 89 52 00 00 00
	 5b 00 29 23 06 00 00 50 00 00 38 73 14 03 00 00 00 02 c6 ce
	 14 03 00 00 00 02 c6 ce
	 14 03 00 00 00 02 c6 ce
	 83 83 52 1b 00 00 55 1b
	 ad fd 2c 01 00 60 01 00 dd 5e 84 84 52 00 00 00 56 00 29 23 01 00 00 50 00 00 2e 73 85 85 52 00
	 00 00 57 00 29 23 02 00 00 50 00 00 30 73 86 86 52 00 00 00 58 00 29 23 03 00 00 50 00 00 32 73
	 87 87 52 00 00 00 59 00 29 23 04 00 00 50 00 00 34 73 88 88 52 00 00 00 5a 00 29 23 05 00 00 50
	 00 00 36 73 89 89 52 00 00 00 5b 00 29 23 06 00 00 50 00 00 38 73 8d 8d 52 1b 00 00 5f 1b
	 8d 21 2c 01 00 70 01 00 c7 92 14 03 00 00 00 02 c6 ce
	 14 03 00 00 00 02 c6 ce
	 14 03 00 00 00 02 c6 ce
	 83 83 52 2e 00 00 55 2e ae fd 2c 01 00 60 01 00 de 5e 84 84 52 00 00 00 56 00 29 23 01 00 00 50
	 00 00 2e 73 85 85 52 00 00 00 57 00 29 23 02 00 00 50 00 00 30 73 86 86 52 00 00 00 58 00 29 23
	 03 00 00 50 00 00 32 73 87 87 52 00 00 00 59 00 29 23 04 00 00 50 00 00 34 73 88 88 52 00 00 00
	 5a 00 29 23 05 00 00 50 00 00 36 73 89 89 52 00 00 00 5b 00 29 23 06 00 00 50 00 00 38 73 8d 8d
	 52 2e 00 00 5f 2e 8d 21 2c 01 00 70 01 00 c7 92 14 03 00 00 00 02 c6 ce
	 14 03 00 00 00 02 c6 ce
	 14 03 00 00 00 02 c6 ce
	 84 84 52 00 00 00 56 00 29 23 01 00 00 50 00 00 2e 73 85 85 52 00 00 00 57 00 29 23 02 00 00 50
	 00 00 30 73 86 86 52 00 00 00 58 00 29 23 03 00 00 50 00 00 32 73 87 87 52 00 00 00 59 00 29 23 04 00 00 50 00 00 34 73 88 88 52 00 00 00 5a 00 29 23 05 00 00 50 00 00 36 73 89 89 52 00 00 00
	 5b 00 29 23 06 00 00 50 00 00 38 73 14 03 00 00 00 02 c6 ce
	 14 03 00 00 00 02 c6 ce
	 14 03 00 00 00 02 c6 ce
	 83 83 52 50 00 00 55 50
	 ae fd 2c 01 00 60 2c 01 09 60 84 84 52 00 00 00 56 00 29 23 01 00 00 50 00 00 2e 73 85 85 52 00
	 00 00 57 00 29 23 02 00 00 50 00 00 30 73 86 86 52 00 00 00 58 00 29 23 03 00 00 50 00 00 32 73
	 87 87 52 00 00 00 59 00 29 23 04 00 00 50 00 00 34 73 88 88 52 00 00 00 5a 00 29 23 05 00 00 50
	 00 00 36 73 89 89 52 00 00 00 5b 00 29 23 06 00 00 50 00 00 38 73 8d 8d 52 50 00 00 5f 50
	 8d 21 2c 01 00 70 2c 01 f2 93 14 03 00 00 00 02 c6 ce
	 14 03 00 00 00 02 c6 ce
	 14 03 00 00 00 02 c6 ce
	 83 83 52 51 00 00 55 51 ae fd 2c 01 00 60 4a 01 27 60 84 84 52 00 00 00 56 00 29 23 01 00 00 50
	 00 00 2e 73 85 85 52 00 00 00 57 00 29 23 02 00 00 50 00 00 30 73 86 86 52 00 00 00 58 00 29 23
	 03 00 00 50 00 00 32 73 87 87 52 00 00 00 59 00 29 23 04 00 00 50 00 00 34 73 88 88 52 00 00 00
	 5a 00 29 23 05 00 00 50 00 00 36 73 89 89 52 00 00 00 5b 00 29 23 06 00 00 50 00 00 38 73 8d 8d
	 52 51 00 00 5f 51 8d 21 2c 01 00 70 4a 01 10 94 14 03 00 00 00 02 c6 ce
	 14 03 00 00 00 02 c6 ce
	 14 03 00 00 00 02 c6 ce
	 83 83 52 52 00 00 55 52 ae fd 2c 01 00 60 c2 01 9f 60 84 84 52 00 00 00 56 00 29 23 01 00 00 50
	 00 00 2e 73 85 85 52 00 00 00 57 00 29 23 02 00 00 50 00 00 30 73 86 86 52 00 00 00 58 00 29 23
	 03 00 00 50 00 00 32 73 87 87 52 00 00 00 59 00 29 23 04 00 00 50 00 00 34 73 88 88 52 00 00 00
	 5a 00 29 23 05 00 00 50 00 00 36 73 89 89 52 00 00 00 5b 00 29 23 06 00 00 50 00 00 38 73 8d 8d
	 52 52 00 00 5f 52 8d 21 2c 01 00 70 c2 01 88 94 14 03 00 00 00 02 c6 ce
	 14 03 00 00 00 02 c6 ce
	 14 03 00 00 00 02 c6 ce
	 83 83 52 53 00 00 55 53 ae fd 2c 01 00 60 4a 01 27 60 84 84 52 00 00 00 56 00 29 23 01 00 00 50
	 00 00 2e 73 85 85 52 00 00 00 57 00 29 23 02 00 00 50 00 00 30 73 86 86 52 00 00 00 58 00 29 23
	 03 00 00 50 00 00 32 73 87 87 52 00 00 00 59 00 29 23 04 00 00 50 00 00 34 73 88 88 52 00 00 00 5a 00 29 23 05 00 00 50 00 00 36 73 89 89 52 00 00 00 5b 00 29 23 06 00 00 50 00 00 38 73 8d 8d
	 52 53 00 00 5f 53 8d 21 2c 01 00 70 4a 01 10 94 14 03 00 00 00 02 c6 ce
	 14 03 00 00 00 02 c6 ce
	 14 03 00 00 00 02 c6 ce
	 83 83 52 54 00 00 55 54 ae fd 2c 01 00 60 f4 01 d1 60 84 84 52 00 00 00 56 00 29 23 01 00 00 50
	 00 00 2e 73 85 85 52 00 00 00 57 00 29 23 02 00 00 50 00 00 30 73 86 86 52 00 00 00 58 00 29 23
	 03 00 00 50 00 00 32 73 87 87 52 00 00 00 59 00 29 23 04 00 00 50 00 00 34 73 88 88 52 00 00 00
	 5a 00 29 23 05 00 00 50 00 00 36 73 89 89 52 00 00 00 5b 00 29 23 06 00 00 50 00 00 38 73 8d 8d
	 52 54 00 00 5f 54 8d 21 2c 01 00 70 f4 01 ba 94 14 03 00 00 00 02 c6 ce
	 14 03 00 00 00 02 c6 ce
	 14 03 00 00 00 02 c6 ce
	 83 83 52 55 00 00 55 55 ae fd 2c 01 00 60 70 03 4d 62 84 84 52 00 00 00 56 00 29 23 01 00 00 50
	 00 00 2e 73 85 85 52 00 00 00 57 00 29 23 02 00 00 50 00 00 30 73 86 86 52 00 00 00 58 00 29 23
	 03 00 00 50 00 00 32 73 87 87 52 00 00 00 59 00 29 23 04 00 00 50 00 00 34 73 88 88 52 00 00 00
	 5a 00 29 23 05 00 00 50 00 00 36 73 89 89 52 00 00 00 5b 00 29 23 06 00 00 50 00 00 38 73 8d 8d
	 52 55 00 00 5f 55 8d 21 2c 01 00 70 70 03 36 96 14 03 00 00 00 02 c6 ce
	 14 03 00 00 00 02 c6 ce
	 14 03 00 00 00 02 c6 ce
	 83 83 52 56 00 00 55 56 ad fd 2c 01 00 60 00 00 dc 5e 84 84 52 00 00 00 56 00 29 23 01 00 00 50
	 00 00 2e 73 85 85 52 00 00 00 57 00 29 23 02 00 00 50 00 00 30 73 86 86 52 00 00 00 58 00 29 23
	 03 00 00 50 00 00 32 73 87 87 52 00 00 00 59 00 29 23 04 00 00 50 00 00 34 73 88 88 52 00 00 00
	 5a 00 29 23 05 00 00 50 00 00 36 73 89 89 52 00 00 00 5b 00 29 23 06 00 00 50 00 00 38 73 8d 8d
	 52 56 00 00 5f 56 8d 21 2c 01 00 70 00 00 c6 92 14 03 00 00 00 02 c6 ce
	 14 03 00 00 00 02 c6 ce
	 14 03 00 00 00 02 c6 ce
	 83 83 52 57 00 00 55 57 ae fd 2c 01 00 60 00 00 dd 5e 84 84 52 00 00 00 56 00 29 23 01 00 00 50
	 00 00 2e 73 85 85 52 00 00 00 57 00 29 23 02 00 00 50 00 00 30 73 86 86 52 00 00 00 58 00 29 23
	 03 00 00 50 00 00 32 73 87 87 52 00 00 00 59 00 29 23 04 00 00 50 00 00 34 73 88 88 52 00 00 00
	 5a 00 29 23 05 00 00 50 00 00 36 73 89 89 52 00 00 00 5b 00 29 23 06 00 00 50 00 00 38 73 8d 8d
	 52 57 00 00 5f 57 8d 21 2c 01 00 70 00 00 c6 92 14 03 00 00 00 02 c6 ce
	 14 03 00 00 00 02 c6 ce
	 14 03 00 00 00 02 c6 ce
	 83 83 52 58 00 00 55 58 ad fd 2c 01 00 60 00 00 dc 5e 84 84 52 00 00 00 56 00 29 23 01 00 00 50 00 00 2e 73 85 85 52 00 00 00 57 00 29 23 02 00 00 50 00 00 30 73 86 86 52 00 00 00 58 00 29 23
	 03 00 00 50 00 00 32 73 87 87 52 00 00 00 59 00 29 23 04 00 00 50 00 00 34 73 88 88 52 00 00 00
	 5a 00 29 23 05 00 00 50 00 00 36 73 89 89 52 00 00 00 5b 00 29 23 06 00 00 50 00 00 38 73 8d 8d
	 52 58 00 00 5f 58 8d 21 2c 01 00 70 00 00 c6 92 14 03 00 00 00 02 c6 ce
	 14 03 00 00 00 02 c6 ce
	 14 03 00 00 00 02 c6 ce
	 83 83 52 59 00 00 55 59 ac fd 2c 01 00 60 00 00 db 5e 84 84 52 00 00 00 56 00 29 23 01 00 00 50
	 00 00 2e 73 85 85 52 00 00 00 57 00 29 23 02 00 00 50 00 00 30 73 86 86 52 00 00 00 58 00 29 23
	 03 00 00 50 00 00 32 73 87 87 52 00 00 00 59 00 29 23 04 00 00 50 00 00 34 73 88 88 52 00 00 00
	 5a 00 29 23 05 00 00 50 00 00 36 73 89 89 52 00 00 00 5b 00 29 23 06 00 00 50 00 00 38 73 8d 8d
	 52 59 00 00 5f 59 8d 21 2c 01 00 70 00 00 c6 92 14 03 00 00 00 02 c6 ce
	 14 03 00 00 00 02 c6 ce
	 14 03 00 00 00 02 c6 ce
	 83 83 52 00 00 00 55 00 ad fd 2c 01 00 60 2c 01 08 60 84 84 52 00 00 00 56 00 29 23 01 00 00 50
	 00 00 2e 73 85 85 52 00 00 00 57 00 29 23 02 00 00 50 00 00 30 73 86 86 52 00 00 00 58 00 29 23
	 03 00 00 50 00 00 32 73 87 87 52 00 00 00 59 00 29 23 04 00 00 50 00 00 34 73 88 88 52 00 00 00
	 5a 00 29 23 05 00 00 50 00 00 36 73 89 89 52 00 00 00 5b 00 29 23 06 00 00 50 00 00 38 73 8d 8d
	 52 00 00 00 5f 00 8d 21 2c 01 00 70 2c 01 f2 93 14 03 00 00 00 02 c6 ce
	 14 03 00 00 00 02 c6 ce
	 14 03 00 00 00 02 c6 ce
	 84 84 52 00 00 00 56 00 29 23 01 00 00 50 00 00 2e 73 85 85 52 00 00 00 57 00 29 23 02 00 00 50
	 00 00 30 73 86 86 52 00 00 00 58 00 29 23 03 00 00 50 00 00 32 73 87 87 52 00 00 00 59 00 29 23
	 04 00 00 50 00 00 34 73 88 88 52 00 00 00 5a 00 29 23 05 00 00 50 00 00 36 73 89 89 52 00 00 00
	 5b 00 29 23 06 00 00 50 00 00 38 73 14 03 00 00 00 02 c6 ce
