[1, 0, 20, 0, 2]
[0, 0, 3, 84]
[0, 1, 3, 84, 22.0, 18.3, -0.1, 0, '10 00 00 ']
[0, 0, 4, 0]
[0, 1, 4, 0, 0.0, 900.1, 0.1, 0, '10 10 00 ']
[0, 0, 5, 0]
[0, 1, 5, 0, 0.0, 900.1, 0.2, 0, '10 10 00 ']
[0, 0, 6, 0]
[0, 1, 6, 0, 0.0, 16.6, 0.30000000000000004, 0, '10 00 00 ']
[0, 0, 7, 0]
[0, 1, 7, 0, 0.0, 20.5, 0.4, 0, '10 00 00 ']
[0, 0, 8, 0]
[0, 1, 8, 0, 0.0, 17.6, 0.5, 0, '10 00 00 ']
[0, 0, 9, 0]
[0, 1, 9, 0, 0.0, 19.3, 0.6000000000000001, 0, '10 00 00 ']
[0, 0, 13, 81]
[0, 1, 13, 81, 5.0, 18.0, -0.1, 0, '10 00 00 ']
[1, 0, 20, 0, 2]
[1, 0, 20, 0, 2]
[1, 0, 20, 0, 2]
[0, 0, 3, 85]
[0, 1, 3, 85, 332.0, 18.3, -0.1, 0, '10 00 00 ']
[0, 0, 4, 0]
[0, 1, 4, 0, 0.0, 900.1, 0.1, 0, '10 10 00 ']
[0, 0, 5, 0]
[0, 1, 5, 0, 0.0, 900.1, 0.2, 0, '10 10 00 ']
[0, 0, 6, 0]
[0, 1, 6, 0, 0.0, 16.6, 0.30000000000000004, 0, '10 00 00 ']
[0, 0, 7, 0]
[0, 1, 7, 0, 0.0, 20.5, 0.4, 0, '10 00 00 ']
[0, 0, 8, 0]
[0, 1, 8, 0, 0.0, 17.6, 0.5, 0, '10 00 00 ']
[0, 0, 9, 0]
[0, 1, 9, 0, 0.0, 19.3, 0.6000000000000001, 0, '10 00 00 ']
[0, 0, 13, 82]
[0, 1, 13, 82, 40.0, 18.0, -0.1, 0, '10 00 00 ']
[1, 0, 20, 0, 2]
[1, 0, 20, 0, 2]
[1, 0, 20, 0, 2]
[0, 0, 3, 86]
[0, 1, 3, 86, 50.0, 18.3, -0.1, 0, '10 00 00 ']
[0, 0, 4, 0]
[0, 1, 4, 0, 0.0, 900.1, 0.1, 0, '10 10 00 ']
[0, 0, 5, 0]
[0, 1, 5, 0, 0.0, 900.1, 0.2, 0, '10 10 00 ']
[0, 0, 6, 0]
[0, 1, 6, 0, 0.0, 16.6, 0.30000000000000004, 0, '10 00 00 ']
[0, 0, 7, 0]
[0, 1, 7, 0, 0.0, 20.5, 0.4, 0, '10 00 00 ']
[0, 0, 8, 0]
[0, 1, 8, 0, 0.0, 17.6, 0.5, 0, '10 00 00 ']
[0, 0, 9, 0]
[0, 1, 9, 0, 0.0, 19.3, 0.6000000000000001, 0, '10 00 00 ']
[0, 0, 13, 83]
[0, 1, 13, 83, 32.0, 18.0, -0.1, 0, '10 00 00 ']
[1, 0, 20, 0, 2]
[1, 0, 20, 0, 2]
[1, 0, 20, 0, 2]
[0, 0, 3, 87]
[0, 1, 3, 87, 500.0, 18.3, -0.1, 0, '10 00 00 ']
[0, 0, 4, 0]
[0, 1, 4, 0, 0.0, 900.1, 0.1, 0, '10 10 00 ']
[0, 0, 5, 0]
[0, 1, 5, 0, 0.0, 900.1, 0.2, 0, '10 10 00 ']
[0, 0, 6, 0]
[0, 1, 6, 0, 0.0, 16.6, 0.30000000000000004, 0, '10 00 00 ']
[0, 0, 7, 0]
[0, 1, 7, 0, 0.0, 20.5, 0.4, 0, '10 00 00 ']
[0, 0, 8, 0]
[0, 1, 8, 0, 0.0, 17.6, 0.5, 0, '10 00 00 ']
[0, 0, 9, 0]
[0, 1, 9, 0, 0.0, 19.3, 0.6000000000000001, 0, '10 00 00 ']
[0, 0, 13, 84]
[0, 1, 13, 84, 22.0, 18.0, -0.1, 0, '10 00 00 ']
[1, 0, 20, 0, 2]
[1, 0, 20, 0, 2]
[1, 0, 20, 0, 2]
[0, 0, 3, 88]
[0, 1, 3, 88, 50.0, 18.3, -0.1, 0, '10 00 00 ']
[0, 0, 4, 0]
[0, 1, 4, 0, 0.0, 900.1, 0.1, 0, '10 10 00 ']
[0, 0, 5, 0]
[0, 1, 5, 0, 0.0, 900.1, 0.2, 0, '10 10 00 ']
[0, 0, 6, 0]
[0, 1, 6, 0, 0.0, 16.6, 0.30000000000000004, 0, '10 00 00 ']
[0, 0, 7, 0]
[0, 1, 7, 0, 0.0, 20.5, 0.4, 0, '10 00 00 ']
[0, 0, 8, 0]
[0, 1, 8, 0, 0.0, 17.6, 0.5, 0, '10 00 00 ']
[0, 0, 9, 0]
[0, 1, 9, 0, 0.0, 19.3, 0.6000000000000001, 0, '10 00 00 ']
[0, 0, 13, 85]
[0, 1, 13, 85, 332.0, 18.0, -0.1, 0, '10 00 00 ']
[1, 0, 20, 0, 2]
[1, 0, 20, 0, 2]
[1, 0, 20, 0, 2]
[0, 0, 3, 89]
[0, 1, 3, 89, 500.0, 18.3, -0.1, 0, '10 00 00 ']
[0, 0, 4, 0]
[0, 1, 4, 0, 0.0, 900.1, 0.1, 0, '10 10 00 ']
[0, 0, 5, 0]
[0, 1, 5, 0, 0.0, 900.1, 0.2, 0, '10 10 00 ']
[0, 0, 6, 0]
[0, 1, 6, 0, 0.0, 16.6, 0.30000000000000004, 0, '10 00 00 ']
[0, 0, 7, 0]
[0, 1, 7, 0, 0.0, 20.5, 0.4, 0, '10 00 00 ']
[0, 0, 8, 0]
[0, 1, 8, 0, 0.0, 17.6, 0.5, 0, '10 00 00 ']
[0, 0, 9, 0]
[0, 1, 9, 0, 0.0, 19.3, 0.6000000000000001, 0, '10 00 00 ']
[0, 0, 13, 86]
[0, 1, 13, 86, 50.0, 18.0, -0.1, 0, '10 00 00 ']
[1, 0, 20, 0, 2]
[1, 0, 20, 0, 2]
[1, 0, 20, 0, 2]
[0, 0, 3, 0]
[0, 1, 3, 0, 30.0, 18.3, -0.1, 0, '10 00 00 ']
[0, 0, 4, 0]
[0, 1, 4, 0, 0.0, 900.1, 0.1, 0, '10 10 00 ']
[0, 0, 5, 0]
[0, 1, 5, 0, 0.0, 900.1, 0.2, 0, '10 10 00 ']
[0, 0, 6, 0]
[0, 1, 6, 0, 0.0, 16.5, 0.30000000000000004, 0, '10 00 00 ']
[0, 0, 7, 0]
[0, 1, 7, 0, 0.0, 20.5, 0.4, 0, '10 00 00 ']
[0, 0, 8, 0]
[0, 1, 8, 0, 0.0, 17.6, 0.5, 0, '10 00 00 ']
[0, 0, 9, 0]
[0, 1, 9, 0, 0.0, 19.3, 0.6000000000000001, 0, '10 00 00 ']
[0, 0, 13, 87]
[0, 1, 13, 87, 500.0, 18.0, -0.1, 0, '10 00 00 ']
[1, 0, 20, 0, 2]
[1, 0, 20, 0, 2]
[1, 0, 20, 0, 2]
[0, 0, 4, 0]
[0, 1, 4, 0, 0.0, 900.1, 0.1, 0, '10 10 00 ']
[0, 0, 5, 0]
[0, 1, 5, 0, 0.0, 900.1, 0.2, 0, '10 10 00 ']
[0, 0, 6, 0]
[0, 1, 6, 0, 0.0, 16.5, 0.30000000000000004, 0, '10 00 00 ']
[0, 0, 7, 0]
[0, 1, 7, 0, 0.0, 20.5, 0.4, 0, '10 00 00 ']
[0, 0, 8, 0]
[0, 1, 8, 0, 0.0, 17.6, 0.5, 0, '10 00 00 ']
[0, 0, 9, 0]
[0, 1, 9, 0, 0.0, 19.3, 0.6000000000000001, 0, '10 00 00 ']
[0, 0, 13, 88]
[0, 1, 13, 88, 50.0, 18.0, -0.1, 0, '10 00 00 ']
[1, 0, 20, 0, 2]
[1, 0, 20, 0, 2]
[1, 0, 20, 0, 2]
[0, 0, 4, 0]
[0, 1, 4, 0, 0.0, 900.1, 0.1, 0, '10 10 00 ']
[0, 0, 5, 0]
[0, 1, 5, 0, 0.0, 900.1, 0.2, 0, '10 10 00 ']
[0, 0, 6, 0]
[0, 1, 6, 0, 0.0, 16.5, 0.30000000000000004, 0, '10 00 00 ']
[0, 0, 7, 0]
[0, 1, 7, 0, 0.0, 20.5, 0.4, 0, '10 00 00 ']
[0, 0, 8, 0]
[0, 1, 8, 0, 0.0, 17.6, 0.5, 0, '10 00 00 ']
[0, 0, 9, 0]
[0, 1, 9, 0, 0.0, 19.3, 0.6000000000000001, 0, '10 00 00 ']
[0, 0, 13, 89]
[0, 1, 13, 89, 500.0, 18.0, -0.1, 0, '10 00 00 ']
[1, 0, 20, 0, 2]
[1, 0, 20, 0, 2]
[1, 0, 20, 0, 2]
[0, 0, 4, 0]
[0, 1, 4, 0, 0.0, 900.1, 0.1, 0, '10 10 00 ']
[0, 0, 5, 0]
[0, 1, 5, 0, 0.0, 900.1, 0.2, 0, '10 10 00 ']
[0, 0, 6, 0]
[0, 1, 6, 0, 0.0, 16.5, 0.30000000000000004, 0, '10 00 00 ']
[0, 0, 7, 0]
[0, 1, 7, 0, 0.0, 20.5, 0.4, 0, '10 00 00 ']
[0, 0, 8, 0]
[0, 1, 8, 0, 0.0, 17.6, 0.5, 0, '10 00 00 ']
[0, 0, 9, 0]
[0, 1, 9, 0, 0.0, 19.3, 0.6000000000000001, 0, '10 00 00 ']
[0, 0, 13, 0]
[0, 1, 13, 0, 30.0, 18.0, -0.1, 0, '10 00 00 ']
[1, 0, 20, 0, 2]
[1, 0, 20, 0, 2]
[1, 0, 20, 0, 2]
[0, 0, 3, 27]
[0, 1, 3, 27, 0.2, 18.3, -0.1, 0, '10 00 00 ']
[0, 0, 4, 0]
[0, 1, 4, 0, 0.0, 900.1, 0.1, 0, '10 10 00 ']
[0, 0, 5, 0]
[0, 1, 5, 0, 0.0, 900.1, 0.2, 0, '10 10 00 ']
[0, 0, 6, 0]
[0, 1, 6, 0, 0.0, 16.5, 0.30000000000000004, 0, '10 00 00 ']
[0, 0, 7, 0]
[0, 1, 7, 0, 0.0, 20.5, 0.4, 0, '10 00 00 ']
[0, 0, 8, 0]
[0, 1, 8, 0, 0.0, 17.6, 0.5, 0, '10 00 00 ']
[0, 0, 9, 0]
[0, 1, 9, 0, 0.0, 19.3, 0.6000000000000001, 0, '10 00 00 ']
[1, 0, 20, 0, 2]
[1, 0, 20, 0, 2]
[1, 0, 20, 0, 2]
[0, 0, 3, 46]
[0, 1, 3, 46, 0.7000000000000001, 18.3, -0.1, 0, '10 00 00 ']
[0, 0, 4, 0]
[0, 1, 4, 0, 0.0, 900.1, 0.1, 0, '10 10 00 ']
[0, 0, 5, 0]
[0, 1, 5, 0, 0.0, 900.1, 0.2, 0, '10 10 00 ']
[0, 0, 6, 0]
[0, 1, 6, 0, 0.0, 16.5, 0.30000000000000004, 0, '10 00 00 ']
[0, 0, 7, 0]
[0, 1, 7, 0, 0.0, 20.5, 0.4, 0, '10 00 00 ']
[0, 0, 8, 0]
[0, 1, 8, 0, 0.0, 17.6, 0.5, 0, '10 00 00 ']
[0, 0, 9, 0]
[0, 1, 9, 0, 0.0, 19.3, 0.6000000000000001, 0, '10 00 00 ']
[1, 0, 20, 0, 2]
[1, 0, 20, 0, 2]
[1, 0, 20, 0, 2]
[0, 0, 4, 0]
[0, 1, 4, 0, 0.0, 900.1, 0.1, 0, '10 10 00 ']
[0, 0, 5, 0]
[0, 1, 5, 0, 0.0, 900.1, 0.2, 0, '10 10 00 ']
[0, 0, 6, 0]
[0, 1, 6, 0, 0.0, 16.5, 0.30000000000000004, 0, '10 00 00 ']
[0, 0, 7, 0]
[0, 1, 7, 0, 0.0, 20.5, 0.4, 0, '10 00 00 ']
[0, 0, 8, 0]
[0, 1, 8, 0, 0.0, 17.6, 0.5, 0, '10 00 00 ']
[0, 0, 9, 0]
[0, 1, 9, 0, 0.0, 19.3, 0.6000000000000001, 0, '10 00 00 ']
[1, 0, 20, 0, 2]
[1, 0, 20, 0, 2]
[1, 0, 20, 0, 2]
[0, 0, 3, 80]
[0, 1, 3, 80, 30.0, 18.3, -0.1, 0, '10 00 00 ']
[0, 0, 4, 0]
[0, 1, 4, 0, 0.0, 900.1, 0.1, 0, '10 10 00 ']
[0, 0, 5, 0]
[0, 1, 5, 0, 0.0, 900.1, 0.2, 0, '10 10 00 ']
[0, 0, 6, 0]
[0, 1, 6, 0, 0.0, 16.5, 0.30000000000000004, 0, '10 00 00 ']
[0, 0, 7, 0]
[0, 1, 7, 0, 0.0, 20.5, 0.4, 0, '10 00 00 ']
[0, 0, 8, 0]
[0, 1, 8, 0, 0.0, 17.6, 0.5, 0, '10 00 00 ']
[0, 0, 9, 0]
[0, 1, 9, 0, 0.0, 19.3, 0.6000000000000001, 0, '10 00 00 ']
[0, 0, 13, 27]
[0, 1, 13, 27, 0.2, 18.0, -0.1, 0, '10 00 00 ']
[1, 0, 20, 0, 2]
[1, 0, 20, 0, 2]
[1, 0, 20, 0, 2]
[0, 0, 3, 81]
[0, 1, 3, 81, 5.0, 18.3, -0.1, 0, '10 00 00 ']
[0, 0, 4, 0]
[0, 1, 4, 0, 0.0, 900.1, 0.1, 0, '10 10 00 ']
[0, 0, 5, 0]
[0, 1, 5, 0, 0.0, 900.1, 0.2, 0, '10 10 00 ']
[0, 0, 6, 0]
[0, 1, 6, 0, 0.0, 16.5, 0.30000000000000004, 0, '10 00 00 ']
[0, 0, 7, 0]
[0, 1, 7, 0, 0.0, 20.5, 0.4, 0, '10 00 00 ']
[0, 0, 8, 0]
[0, 1, 8, 0, 0.0, 17.6, 0.5, 0, '10 00 00 ']
[0, 0, 9, 0]
[0, 1, 9, 0, 0.0, 19.3, 0.6000000000000001, 0, '10 00 00 ']
[0, 0, 13, 46]
[0, 1, 13, 46, 0.7000000000000001, 18.0, -0.1, 0, '10 00 00 ']
[1, 0, 20, 0, 2]
[1, 0, 20, 0, 2]
[1, 0, 20, 0, 2]
[0, 0, 3, 82]
[0, 1, 3, 82, 40.0, 18.3, -0.1, 0, '10 00 00 ']
[0, 0, 4, 0]
[0, 1, 4, 0, 0.0, 900.1, 0.1, 0, '10 10 00 ']
[0, 0, 5, 0]
[0, 1, 5, 0, 0.0, 900.1, 0.2, 0, '10 10 00 ']
[0, 0, 6, 0]
[0, 1, 6, 0, 0.0, 16.5, 0.30000000000000004, 0, '10 00 00 ']
[0, 0, 7, 0]
[0, 1, 7, 0, 0.0, 20.5, 0.4, 0, '10 00 00 ']
[0, 0, 8, 0]
[0, 1, 8, 0, 0.0, 17.6, 0.5, 0, '10 00 00 ']
[0, 0, 9, 0]
[0, 1, 9, 0, 0.0, 19.3, 0.6000000000000001, 0, '10 00 00 ']
[1, 0, 20, 0, 2]
[1, 0, 20, 0, 2]
[1, 0, 20, 0, 2]
[0, 0, 3, 83]
[0, 1, 3, 83, 32.0, 18.3, -0.1, 0, '10 00 00 ']
[0, 0, 4, 0]
[0, 1, 4, 0, 0.0, 900.1, 0.1, 0, '10 10 00 ']
[0, 0, 5, 0]
[0, 1, 5, 0, 0.0, 900.1, 0.2, 0, '10 10 00 ']
[0, 0, 6, 0]
[0, 1, 6, 0, 0.0, 16.5, 0.30000000000000004, 0, '10 00 00 ']
[0, 0, 7, 0]
[0, 1, 7, 0, 0.0, 20.5, 0.4, 0, '10 00 00 ']
[0, 0, 8, 0]
[0, 1, 8, 0, 0.0, 17.6, 0.5, 0, '10 00 00 ']
[0, 0, 9, 0]
[0, 1, 9, 0, 0.0, 19.3, 0.6000000000000001, 0, '10 00 00 ']
[0, 0, 13, 80]
[0, 1, 13, 80, 30.0, 18.0, -0.1, 0, '10 00 00 ']
[1, 0, 20, 0, 2]
[1, 0, 20, 0, 2]
[1, 0, 20, 0, 2]
[0, 0, 3, 84]
[0, 1, 3, 84, 22.0, 18.3, -0.1, 0, '10 00 00 ']
[0, 0, 4, 0]
[0, 1, 4, 0, 0.0, 900.1, 0.1, 0, '10 10 00 ']
[0, 0, 5, 0]
[0, 1, 5, 0, 0.0, 900.1, 0.2, 0, '10 10 00 ']
[0, 0, 6, 0]
[0, 1, 6, 0, 0.0, 16.5, 0.30000000000000004, 0, '10 00 00 ']
[0, 0, 7, 0]
[0, 1, 7, 0, 0.0, 20.5, 0.4, 0, '10 00 00 ']
[0, 0, 8, 0]
[0, 1, 8, 0, 0.0, 17.6, 0.5, 0, '10 00 00 ']
[0, 0, 9, 0]
[0, 1, 9, 0, 0.0, 19.3, 0.6000000000000001, 0, '10 00 00 ']
[0, 0, 13, 81]
[0, 1, 13, 81, 5.0, 18.0, -0.1, 0, '10 00 00 ']
[1, 0, 20, 0, 2]
[1, 0, 20, 0, 2]
[1, 0, 20, 0, 2]
[0, 0, 3, 85]
[0, 1, 3, 85, 332.0, 18.3, -0.1, 0, '10 00 00 ']
[0, 0, 4, 0]
[0, 1, 4, 0, 0.0, 900.1, 0.1, 0, '10 10 00 ']
[0, 0, 5, 0]
[0, 1, 5, 0, 0.0, 900.1, 0.2, 0, '10 10 00 ']
[0, 0, 6, 0]
[0, 1, 6, 0, 0.0, 16.5, 0.30000000000000004, 0, '10 00 00 ']
[0, 0, 7, 0]
[0, 1, 7, 0, 0.0, 20.5, 0.4, 0, '10 00 00 ']
[0, 0, 8, 0]
[0, 1, 8, 0, 0.0, 17.6, 0.5, 0, '10 00 00 ']
[0, 0, 9, 0]
[0, 1, 9, 0, 0.0, 19.3, 0.6000000000000001, 0, '10 00 00 ']
[0, 0, 13, 82]
[0, 1, 13, 82, 40.0, 18.0, -0.1, 0, '10 00 00 ']
[1, 0, 20, 0, 2]
[1, 0, 20, 0, 2]
[1, 0, 20, 0, 2]
[0, 0, 3, 86]
[0, 1, 3, 86, 50.0, 18.3, -0.1, 0, '10 00 00 ']
[0, 0, 4, 0]
[0, 1, 4, 0, 0.0, 900.1, 0.1, 0, '10 10 00 ']
[0, 0, 5, 0]
[0, 1, 5, 0, 0.0, 900.1, 0.2, 0, '10 10 00 ']
[0, 0, 6, 0]
[0, 1, 6, 0, 0.0, 16.5, 0.30000000000000004, 0, '10 00 00 ']
[0, 0, 7, 0]
[0, 1, 7, 0, 0.0, 20.5, 0.4, 0, '10 00 00 ']
[0, 0, 8, 0]
[0, 1, 8, 0, 0.0, 17.6, 0.5, 0, '10 00 00 ']
[0, 0, 9, 0]
[0, 1, 9, 0, 0.0, 19.3, 0.6000000000000001, 0, '10 00 00 ']
[0, 0, 13, 83]
[0, 1, 13, 83, 32.0, 18.0, -0.1, 0, '10 00 00 ']
[1, 0, 20, 0, 2]
[1, 0, 20, 0, 2]
[1, 0, 20, 0, 2]
[0, 0, 3, 87]
[0, 1, 3, 87, 500.0, 18.3, -0.1, 0, '10 00 00 ']
[0, 0, 4, 0]
[0, 1, 4, 0, 0.0, 900.1, 0.1, 0, '10 10 00 ']
[0, 0, 5, 0]
[0, 1, 5, 0, 0.0, 900.1, 0.2, 0, '10 10 00 ']
[0, 0, 6, 0]
[0, 1, 6, 0, 0.0, 16.5, 0.30000000000000004, 0, '10 00 00 ']
[0, 0, 7, 0]
[0, 1, 7, 0, 0.0, 20.5, 0.4, 0, '10 00 00 ']
[0, 0, 8, 0]
[0, 1, 8, 0, 0.0, 17.6, 0.5, 0, '10 00 00 ']
[0, 0, 9, 0]
[0, 1, 9, 0, 0.0, 19.3, 0.6000000000000001, 0, '10 00 00 ']
[0, 0, 13, 84]
[0, 1, 13, 84, 22.0, 18.0, -0.1, 0, '10 00 00 ']
[1, 0, 20, 0, 2]
[1, 0, 20, 0, 2]
[1, 0, 20, 0, 2]
[0, 0, 3, 88]
[0, 1, 3, 88, 50.0, 18.3, -0.1, 0, '10 00 00 ']
[0, 0, 4, 0]
[0, 1, 4, 0, 0.0, 900.1, 0.1, 0, '10 10 00 ']
[0, 0, 5, 0]
[0, 1, 5, 0, 0.0, 900.1, 0.2, 0, '10 10 00 ']
[0, 0, 6, 0]
[0, 1, 6, 0, 0.0, 16.5, 0.30000000000000004, 0, '10 00 00 ']
[0, 0, 7, 0]
[0, 1, 7, 0, 0.0, 20.5, 0.4, 0, '10 00 00 ']
[0, 0, 8, 0]
[0, 1, 8, 0, 0.0, 17.6, 0.5, 0, '10 00 00 ']
[0, 0, 9, 0]
[0, 1, 9, 0, 0.0, 19.3, 0.6000000000000001, 0, '10 00 00 ']
[0, 0, 13, 85]
[0, 1, 13, 85, 332.0, 18.0, -0.1, 0, '10 00 00 ']
[1, 0, 20, 0, 2]
[1, 0, 20, 0, 2]
[1, 0, 20, 0, 2]
[0, 0, 3, 89]
[0, 1, 3, 89, 500.0, 18.3, -0.1, 0, '10 00 00 ']
[0, 0, 4, 0]
[0, 1, 4, 0, 0.0, 900.1, 0.1, 0, '10 10 00 ']
[0, 0, 5, 0]
[0, 1, 5, 0, 0.0, 900.1, 0.2, 0, '10 10 00 ']
[0, 0, 6, 0]
[0, 1, 6, 0, 0.0, 16.5, 0.30000000000000004, 0, '10 00 00 ']
[0, 0, 7, 0]
[0, 1, 7, 0, 0.0, 20.5, 0.4, 0, '10 00 00 ']
[0, 0, 8, 0]
[0, 1, 8, 0, 0.0, 17.6, 0.5, 0, '10 00 00 ']
[0, 0, 9, 0]
[0, 1, 9, 0, 0.0, 19.3, 0.6000000000000001, 0, '10 00 00 ']
[0, 0, 13, 86]
[0, 1, 13, 86, 50.0, 17.900000000000002, -0.1, 0, '10 00 00 ']
[1, 0, 20, 0, 2]
[1, 0, 20, 0, 2]
[1, 0, 20, 0, 2]
[0, 0, 3, 0]
[0, 1, 3, 0, 30.0, 18.3, -0.1, 0, '10 00 00 ']
[0, 0, 4, 0]
[0, 1, 4, 0, 0.0, 900.1, 0.1, 0, '10 10 00 ']
[0, 0, 5, 0]
[0, 1, 5, 0, 0.0, 900.1, 0.2, 0, '10 10 00 ']
[0, 0, 6, 0]
[0, 1, 6, 0, 0.0, 16.5, 0.30000000000000004, 0, '10 00 00 ']
[0, 0, 7, 0]
[0, 1, 7, 0, 0.0, 20.5, 0.4, 0, '10 00 00 ']
[0, 0, 8, 0]
[0, 1, 8, 0, 0.0, 17.6, 0.5, 0, '10 00 00 ']
[0, 0, 9, 0]
[0, 1, 9, 0, 0.0, 19.3, 0.6000000000000001, 0, '10 00 00 ']
[0, 0, 13, 87]
[0, 1, 13, 87, 500.0, 18.0, -0.1, 0, '10 00 00 ']
[1, 0, 20, 0, 2]
[1, 0, 20, 0, 2]
[1, 0, 20, 0, 2]
[0, 0, 4, 0]
[0, 1, 4, 0, 0.0, 900.1, 0.1, 0, '10 10 00 ']
[0, 0, 5, 0]
[0, 1, 5, 0, 0.0, 900.1, 0.2, 0, '10 10 00 ']
[0, 0, 6, 0]
[0, 1, 6, 0, 0.0, 16.5, 0.30000000000000004, 0, '10 00 00 ']
[0, 0, 7, 0]
[0, 1, 7, 0, 0.0, 20.5, 0.4, 0, '10 00 00 ']
[0, 0, 8, 0]
[0, 1, 8, 0, 0.0, 17.6, 0.5, 0, '10 00 00 ']
[0, 0, 9, 0]
[0, 1, 9, 0, 0.0, 19.3, 0.6000000000000001, 0, '10 00 00 ']
[0, 0, 13, 88]
[0, 1, 13, 88, 50.0, 18.0, -0.1, 0, '10 00 00 ']
[1, 0, 20, 0, 2]
[1, 0, 20, 0, 2]
[1, 0, 20, 0, 2]
[0, 0, 4, 0]
[0, 1, 4, 0, 0.0, 900.1, 0.1, 0, '10 10 00 ']
[0, 0, 5, 0]
[0, 1, 5, 0, 0.0, 900.1, 0.2, 0, '10 10 00 ']
[0, 0, 6, 0]
[0, 1, 6, 0, 0.0, 16.5, 0.30000000000000004, 0, '10 00 00 ']
[0, 0, 7, 0]
[0, 1, 7, 0, 0.0, 20.5, 0.4, 0, '10 00 00 ']
[0, 0, 8, 0]
[0, 1, 8, 0, 0.0, 17.6, 0.5, 0, '10 00 00 ']
[0, 0, 9, 0]
[0, 1, 9, 0, 0.0, 19.3, 0.6000000000000001, 0, '10 00 00 ']
[0, 0, 13, 89]
[0, 1, 13, 89, 500.0, 18.0, -0.1, 0, '10 00 00 ']
[1, 0, 20, 0, 2]
[1, 0, 20, 0, 2]
[1, 0, 20, 0, 2]
[0, 0, 4, 0]
[0, 1, 4, 0, 0.0, 900.1, 0.1, 0, '10 10 00 ']
[0, 0, 5, 0]
[0, 1, 5, 0, 0.0, 900.1, 0.2, 0, '10 10 00 ']
[0, 0, 6, 0]
[0, 1, 6, 0, 0.0, 16.5, 0.30000000000000004, 0, '10 00 00 ']
[0, 0, 7, 0]
[0, 1, 7, 0, 0.0, 20.5, 0.4, 0, '10 00 00 ']
[0, 0, 8, 0]
[0, 1, 8, 0, 0.0, 17.6, 0.5, 0, '10 00 00 ']
[0, 0, 9, 0]
[0, 1, 9, 0, 0.0, 19.3, 0.6000000000000001, 0, '10 00 00 ']
[0, 0, 13, 0]
[0, 1, 13, 0, 30.0, 18.0, -0.1, 0, '10 00 00 ']
[1, 0, 20, 0, 2]
[1, 0, 20, 0, 2]
[1, 0, 20, 0, 2]
[0, 0, 3, 27]
[0, 1, 3, 27, 0.2, 18.3, -0.1, 0, '10 00 00 ']
[0, 0, 4, 0]
[0, 1, 4, 0, 0.0, 900.1, 0.1, 0, '10 10 00 ']
[0, 0, 5, 0]
[0, 1, 5, 0, 0.0, 900.1, 0.2, 0, '10 10 00 ']
[0, 0, 6, 0]
[0, 1, 6, 0, 0.0, 16.5, 0.30000000000000004, 0, '10 00 00 ']
[0, 0, 7, 0]
[0, 1, 7, 0, 0.0, 20.5, 0.4, 0, '10 00 00 ']
[0, 0, 8, 0]
[0, 1, 8, 0, 0.0, 17.6, 0.5, 0, '10 00 00 ']
[0, 0, 9, 0]
[0, 1, 9, 0, 0.0, 19.3, 0.6000000000000001, 0, '10 00 00 ']
[1, 0, 20, 0, 2]
[1, 0, 20, 0, 2]
[1, 0, 20, 0, 2]
[0, 0, 3, 46]
[0, 1, 3, 46, 0.7000000000000001, 18.3, -0.1, 0, '10 00 00 ']
[0, 0, 4, 0]
[0, 1, 4, 0, 0.0, 900.1, 0.1, 0, '10 10 00 ']
[0, 0, 5, 0]
[0, 1, 5, 0, 0.0, 900.1, 0.2, 0, '10 10 00 ']
[0, 0, 6, 0]
[0, 1, 6, 0, 0.0, 16.5, 0.30000000000000004, 0, '10 00 00 ']
[0, 0, 7, 0]
[0, 1, 7, 0, 0.0, 20.5, 0.4, 0, '10 00 00 ']
[0, 0, 8, 0]
[0, 1, 8, 0, 0.0, 17.6, 0.5, 0, '10 00 00 ']
[0, 0, 9, 0]
[0, 1, 9, 0, 0.0, 19.3, 0.6000000000000001, 0, '10 00 00 ']
[1, 0, 20, 0, 2]
[1, 0, 20, 0, 2]
[1, 0, 20, 0, 2]
[0, 0, 4, 0]
[0, 1, 4, 0, 0.0, 900.1, 0.1, 0, '10 10 00 ']
[0, 0, 5, 0]
[0, 1, 5, 0, 0.0, 900.1, 0.2, 0, '10 10 00 ']
[0, 0, 6, 0]
[0, 1, 6, 0, 0.0, 16.5, 0.30000000000000004, 0, '10 00 00 ']
[0, 0, 7, 0]
[0, 1, 7, 0, 0.0, 20.5, 0.4, 0, '10 00 00 ']
[0, 0, 8, 0]
[0, 1, 8, 0, 0.0, 17.6, 0.5, 0, '10 00 00 ']
[0, 0, 9, 0]
[0, 1, 9, 0, 0.0, 19.3, 0.6000000000000001, 0, '10 00 00 ']
[1, 0, 20, 0, 2]
[1, 0, 20, 0, 2]
[1, 0, 20, 0, 2]
[0, 0, 3, 80]
[0, 1, 3, 80, 30.0, 18.3, -0.1, 0, '10 00 00 ']
[0, 0, 4, 0]
[0, 1, 4, 0, 0.0, 900.1, 0.1, 0, '10 10 00 ']
[0, 0, 5, 0]
[0, 1, 5, 0, 0.0, 900.1, 0.2, 0, '10 10 00 ']
[0, 0, 6, 0]
[0, 1, 6, 0, 0.0, 16.5, 0.30000000000000004, 0, '10 00 00 ']
[0, 0, 7, 0]
[0, 1, 7, 0, 0.0, 20.5, 0.4, 0, '10 00 00 ']
[0, 0, 8, 0]
[0, 1, 8, 0, 0.0, 17.5, 0.5, 0, '10 00 00 ']
[0, 0, 9, 0]
[0, 1, 9, 0, 0.0, 19.3, 0.6000000000000001, 0, '10 00 00 ']
[0, 0, 13, 27]
[0, 1, 13, 27, 0.2, 18.0, -0.1, 0, '10 00 00 ']
[1, 0, 20, 0, 2]
[1, 0, 20, 0, 2]
[1, 0, 20, 0, 2]
[0, 0, 3, 81]
[0, 1, 3, 81, 5.0, 18.3, -0.1, 0, '10 00 00 ']
[0, 0, 4, 0]
[0, 1, 4, 0, 0.0, 900.1, 0.1, 0, '10 10 00 ']
[0, 0, 5, 0]
[0, 1, 5, 0, 0.0, 900.1, 0.2, 0, '10 10 00 ']
[0, 0, 6, 0]
[0, 1, 6, 0, 0.0, 16.5, 0.30000000000000004, 0, '10 00 00 ']
[0, 0, 7, 0]
[0, 1, 7, 0, 0.0, 20.5, 0.4, 0, '10 00 00 ']
[0, 0, 8, 0]
[0, 1, 8, 0, 0.0, 17.5, 0.5, 0, '10 00 00 ']
[0, 0, 9, 0]
[0, 1, 9, 0, 0.0, 19.3, 0.6000000000000001, 0, '10 00 00 ']
[0, 0, 13, 46]
[0, 1, 13, 46, 0.7000000000000001, 18.0, -0.1, 0, '10 00 00 ']
[1, 0, 20, 0, 2]
[1, 0, 20, 0, 2]
[1, 0, 20, 0, 2]
[0, 0, 3, 82]
[0, 1, 3, 82, 40.0, 18.3, -0.1, 0, '10 00 00 ']
[0, 0, 4, 0]
[0, 1, 4, 0, 0.0, 900.1, 0.1, 0, '10 10 00 ']
[0, 0, 5, 0]
[0, 1, 5, 0, 0.0, 900.1, 0.2, 0, '10 10 00 ']
[0, 0, 6, 0]
[0, 1, 6, 0, 0.0, 16.5, 0.30000000000000004, 0, '10 00 00 ']
[0, 0, 7, 0]
[0, 1, 7, 0, 0.0, 20.5, 0.4, 0, '10 00 00 ']
[0, 0, 8, 0]
[0, 1, 8, 0, 0.0, 17.5, 0.5, 0, '10 00 00 ']
[0, 0, 9, 0]
[0, 1, 9, 0, 0.0, 19.3, 0.6000000000000001, 0, '10 00 00 ']
[1, 0, 20, 0, 2]
[1, 0, 20, 0, 2]
[1, 0, 20, 0, 2]
[0, 0, 3, 83]
[0, 1, 3, 83, 32.0, 18.3, -0.1, 0, '10 00 00 ']
[0, 0, 4, 0]
[0, 1, 4, 0, 0.0, 900.1, 0.1, 0, '10 10 00 ']
[0, 0, 5, 0]
[0, 1, 5, 0, 0.0, 900.1, 0.2, 0, '10 10 00 ']
[0, 0, 6, 0]
[0, 1, 6, 0, 0.0, 16.5, 0.30000000000000004, 0, '10 00 00 ']
[0, 0, 7, 0]
[0, 1, 7, 0, 0.0, 20.5, 0.4, 0, '10 00 00 ']
[0, 0, 8, 0]
[0, 1, 8, 0, 0.0, 17.5, 0.5, 0, '10 00 00 ']
[0, 0, 9, 0]
[0, 1, 9, 0, 0.0, 19.3, 0.6000000000000001, 0, '10 00 00 ']
[0, 0, 13, 80]
[0, 1, 13, 80, 30.0, 18.0, -0.1, 0, '10 00 00 ']
[1, 0, 20, 0, 2]
[1, 0, 20, 0, 2]
[1, 0, 20, 0, 2]
[0, 0, 3, 84]
[0, 1, 3, 84, 22.0, 18.3, -0.1, 0, '10 00 00 ']
[0, 0, 4, 0]
[0, 1, 4, 0, 0.0, 900.1, 0.1, 0, '10 10 00 ']
[0, 0, 5, 0]
[0, 1, 5, 0, 0.0, 900.1, 0.2, 0, '10 10 00 ']
[0, 0, 6, 0]
[0, 1, 6, 0, 0.0, 16.5, 0.30000000000000004, 0, '10 00 00 ']
[0, 0, 7, 0]
[0, 1, 7, 0, 0.0, 20.5, 0.4, 0, '10 00 00 ']
[0, 0, 8, 0]
[0, 1, 8, 0, 0.0, 17.5, 0.5, 0, '10 00 00 ']
[0, 0, 9, 0]
[0, 1, 9, 0, 0.0, 19.3, 0.6000000000000001, 0, '10 00 00 ']
[0, 0, 13, 81]
[0, 1, 13, 81, 5.0, 18.0, -0.1, 0, '10 00 00 ']
[1, 0, 20, 0, 2]
[1, 0, 20, 0, 2]
[1, 0, 20, 0, 2]
[0, 0, 3, 85]
[0, 1, 3, 85, 332.0, 18.3, -0.1, 0, '10 00 00 ']
[0, 0, 4, 0]
[0, 1, 4, 0, 0.0, 900.1, 0.1, 0, '10 10 00 ']
[0, 0, 5, 0]
[0, 1, 5, 0, 0.0, 900.1, 0.2, 0, '10 10 00 ']
[0, 0, 6, 0]
[0, 1, 6, 0, 0.0, 16.5, 0.30000000000000004, 0, '10 00 00 ']
[0, 0, 7, 0]
[0, 1, 7, 0, 0.0, 20.5, 0.4, 0, '10 00 00 ']
[0, 0, 8, 0]
[0, 1, 8, 0, 0.0, 17.5, 0.5, 0, '10 00 00 ']
[0, 0, 9, 0]
[0, 1, 9, 0, 0.0, 19.3, 0.6000000000000001, 0, '10 00 00 ']
[0, 0, 13, 82]
[0, 1, 13, 82, 40.0, 18.0, -0.1, 0, '10 00 00 ']
[1, 0, 20, 0, 2]
[1, 0, 20, 0, 2]
[1, 0, 20, 0, 2]
[0, 0, 3, 86]
[0, 1, 3, 86, 50.0, 18.3, -0.1, 0, '10 00 00 ']
[0, 0, 4, 0]
[0, 1, 4, 0, 0.0, 900.1, 0.1, 0, '10 10 00 ']
[0, 0, 5, 0]
[0, 1, 5, 0, 0.0, 900.1, 0.2, 0, '10 10 00 ']
[0, 0, 6, 0]
[0, 1, 6, 0, 0.0, 16.5, 0.30000000000000004, 0, '10 00 00 ']
[0, 0, 7, 0]
[0, 1, 7, 0, 0.0, 20.5, 0.4, 0, '10 00 00 ']
[0, 0, 8, 0]
[0, 1, 8, 0, 0.0, 17.5, 0.5, 0, '10 00 00 ']
[0, 0, 9, 0]
[0, 1, 9, 0, 0.0, 19.3, 0.6000000000000001, 0, '10 00 00 ']
[0, 0, 13, 83]
[0, 1, 13, 83, 32.0, 18.0, -0.1, 0, '10 00 00 ']
[1, 0, 20, 0, 2]
[1, 0, 20, 0, 2]
[1, 0, 20, 0, 2]
[0, 0, 3, 87]
[0, 1, 3, 87, 500.0, 18.3, -0.1, 0, '10 00 00 ']
[0, 0, 4, 0]
[0, 1, 4, 0, 0.0, 900.1, 0.1, 0, '10 10 00 ']
[0, 0, 5, 0]
[0, 1, 5, 0, 0.0, 900.1, 0.2, 0, '10 10 00 ']
[0, 0, 6, 0]
[0, 1, 6, 0, 0.0, 16.5, 0.30000000000000004, 0, '10 00 00 ']
[0, 0, 7, 0]
[0, 1, 7, 0, 0.0, 20.5, 0.4, 0, '10 00 00 ']
[0, 0, 8, 0]
[0, 1, 8, 0, 0.0, 17.5, 0.5, 0, '10 00 00 ']
[0, 0, 9, 0]
[0, 1, 9, 0, 0.0, 19.3, 0.6000000000000001, 0, '10 00 00 ']
[0, 0, 13, 84]
[0, 1, 13, 84, 22.0, 18.0, -0.1, 0, '10 00 00 ']
[1, 0, 20, 0, 2]
[1, 0, 20, 0, 2]
[1, 0, 20, 0, 2]
[0, 0, 3, 88]
[0, 1, 3, 88, 50.0, 18.3, -0.1, 0, '10 00 00 ']
[0, 0, 4, 0]
[0, 1, 4, 0, 0.0, 900.1, 0.1, 0, '10 10 00 ']
[0, 0, 5, 0]
[0, 1, 5, 0, 0.0, 900.1, 0.2, 0, '10 10 00 ']
[0, 0, 6, 0]
[0, 1, 6, 0, 0.0, 16.5, 0.30000000000000004, 0, '10 00 00 ']
[0, 0, 7, 0]
[0, 1, 7, 0, 0.0, 20.6, 0.4, 0, '10 00 00 ']
[0, 0, 8, 0]
[0, 1, 8, 0, 0.0, 17.5, 0.5, 0, '10 00 00 ']
[0, 0, 9, 0]
[0, 1, 9, 0, 0.0, 19.3, 0.6000000000000001, 0, '10 00 00 ']
[0, 0, 13, 85]
[0, 1, 13, 85, 332.0, 18.0, -0.1, 0, '10 00 00 ']
[1, 0, 20, 0, 2]
[1, 0, 20, 0, 2]
[1, 0, 20, 0, 2]
[0, 0, 3, 89]
[0, 1, 3, 89, 500.0, 18.3, -0.1, 0, '10 00 00 ']
[0, 0, 4, 0]
[0, 1, 4, 0, 0.0, 900.1, 0.1, 0, '10 10 00 ']
[0, 0, 5, 0]
[0, 1, 5, 0, 0.0, 900.1, 0.2, 0, '10 10 00 ']
[0, 0, 6, 0]
[0, 1, 6, 0, 0.0, 16.5, 0.30000000000000004, 0, '10 00 00 ']
[0, 0, 7, 0]
[0, 1, 7, 0, 0.0, 20.5, 0.4, 0, '10 00 00 ']
[0, 0, 8, 0]
[0, 1, 8, 0, 0.0, 17.5, 0.5, 0, '10 00 00 ']
[0, 0, 9, 0]
[0, 1, 9, 0, 0.0, 19.3, 0.6000000000000001, 0, '10 00 00 ']
[0, 0, 13, 86]
[0, 1, 13, 86, 50.0, 18.0, -0.1, 0, '10 00 00 ']
[1, 0, 20, 0, 2]
[1, 0, 20, 0, 2]
[1, 0, 20, 0, 2]
[0, 0, 3, 0]
[0, 1, 3, 0, 30.0, 18.3, -0.1, 0, '10 00 00 ']
[0, 0, 4, 0]
[0, 1, 4, 0, 0.0, 900.1, 0.1, 0, '10 10 00 ']
[0, 0, 5, 0]
[0, 1, 5, 0, 0.0, 900.1, 0.2, 0, '10 10 00 ']
[0, 0, 6, 0]
[0, 1, 6, 0, 0.0, 16.5, 0.30000000000000004, 0, '10 00 00 ']
[0, 0, 7, 0]
[0, 1, 7, 0, 0.0, 20.5, 0.4, 0, '10 00 00 ']
[0, 0, 8, 0]
[0, 1, 8, 0, 0.0, 17.5, 0.5, 0, '10 00 00 ']
[0, 0, 9, 0]
[0, 1, 9, 0, 0.0, 19.3, 0.6000000000000001, 0, '10 00 00 ']
[0, 0, 13, 87]
[0, 1, 13, 87, 500.0, 18.0, -0.1, 0, '10 00 00 ']
[1, 0, 20, 0, 2]
[1, 0, 20, 0, 2]
[1, 0, 20, 0, 2]
[0, 0, 4, 0]
[0, 1, 4, 0, 0.0, 900.1, 0.1, 0, '10 10 00 ']
[0, 0, 5, 0]
[0, 1, 5, 0, 0.0, 900.1, 0.2, 0, '10 10 00 ']
[0, 0, 6, 0]
[0, 1, 6, 0, 0.0, 16.5, 0.30000000000000004, 0, '10 00 00 ']
[0, 0, 7, 0]
[0, 1, 7, 0, 0.0, 20.5, 0.4, 0, '10 00 00 ']
[0, 0, 8, 0]
[0, 1, 8, 0, 0.0, 17.5, 0.5, 0, '10 00 00 ']
[0, 0, 9, 0]
[0, 1, 9, 0, 0.0, 19.3, 0.6000000000000001, 0, '10 00 00 ']
[0, 0, 13, 88]
[0, 1, 13, 88, 50.0, 18.0, -0.1, 0, '10 00 00 ']
[1, 0, 20, 0, 2]
[1, 0, 20, 0, 2]
[1, 0, 20, 0, 2]
[0, 0, 4, 0]
[0, 1, 4, 0, 0.0, 900.1, 0.1, 0, '10 10 00 ']
[0, 0, 5, 0]
[0, 1, 5, 0, 0.0, 900.1, 0.2, 0, '10 10 00 ']
[0, 0, 6, 0]
[0, 1, 6, 0, 0.0, 16.5, 0.30000000000000004, 0, '10 00 00 ']
[0, 0, 7, 0]
[0, 1, 7, 0, 0.0, 20.5, 0.4, 0, '10 00 00 ']
[0, 0, 8, 0]
[0, 1, 8, 0, 0.0, 17.5, 0.5, 0, '10 00 00 ']
[0, 0, 9, 0]
[0, 1, 9, 0, 0.0, 19.3, 0.6000000000000001, 0, '10 00 00 ']
[0, 0, 13, 89]
[0, 1, 13, 89, 500.0, 18.0, -0.1, 0, '10 00 00 ']
[1, 0, 20, 0, 2]
[1, 0, 20, 0, 2]
[0, 0, 6, 0]
[0, 1, 6, 0, 0.0, 16.5, 0.30000000000000004, 0, '10 00 00 ']
[0, 0, 7, 0]
[0, 1, 7, 0, 0.0, 20.6, 0.4, 0, '10 00 00 ']
[0, 0, 8, 0]
[0, 1, 8, 0, 0.0, 17.6, 0.5, 0, '10 00 00 ']
[0, 0, 9, 0]
[0, 1, 9, 0, 0.0, 19.200000000000003, 0.6000000000000001, 0, '10 00 00 ']
[0, 0, 13, 88]
[0, 1, 13, 88, 50.0, 18.0, -0.1, 0, '10 00 00 ']
[0, 0, 7, 0]
[0, 1, 7, 0, 0.0, 20.6, 0.4, 0, '10 00 00 ']
[0, 0, 8, 0]
[0, 1, 8, 0, 0.0, 17.6, 0.5, 0, '10 00 00 ']
[0, 0, 9, 0]
[0, 1, 9, 0, 0.0, 19.200000000000003, 0.6000000000000001, 0, '10 00 00 ']
[1, 0, 20, 0, 2]
b'\x14\x03\x04d\x05\x00\x00\xb1\xc3\x84\x84R\x00\x00\x00V\x00)'
b'\x03\x04d\x05\x00\x00\xb1\xc3'
[0, 0, 4, 0]
[0, 1, 4, 0, 0.0, 900.1, 0.1, 0, '10 10 00 ']
[0, 0, 5, 0]
[0, 1, 5, 0, 0.0, 900.1, 0.2, 0, '10 10 00 ']
[0, 0, 6, 0]
[0, 1, 6, 0, 0.0, 16.5, 0.30000000000000004, 0, '10 00 00 ']
[0, 0, 7, 0]
[0, 1, 7, 0, 0.0, 20.6, 0.4, 0, '10 00 00 ']
[0, 0, 8, 0]
[0, 1, 8, 0, 0.0, 17.6, 0.5, 0, '10 00 00 ']
[0, 0, 9, 0]
[0, 1, 9, 0, 0.0, 19.200000000000003, 0.6000000000000001, 0, '10 00 00 ']
[1, 0, 20, 0, 2]
b'\x14\x03\x04d\x05\x00\x00\xb1\xc3\x83\x83RP\x00\x00UP\xb6'
b'\x03\x04d\x05\x00\x00\xb1\xc3'
[0, 0, 3, 80]
[0, 1, 3, 80, 30.0, 18.2, -0.1, 0, '10 00 00 ']
[0, 0, 4, 0]
[0, 1, 4, 0, 0.0, 900.1, 0.1, 0, '10 10 00 ']
[0, 0, 5, 0]
[0, 1, 5, 0, 0.0, 900.1, 0.2, 0, '10 10 00 ']
[0, 0, 6, 0]
[0, 1, 6, 0, 0.0, 16.5, 0.30000000000000004, 0, '10 00 00 ']
[0, 0, 7, 0]
[0, 1, 7, 0, 0.0, 20.6, 0.4, 0, '10 00 00 ']
[0, 0, 8, 0]
[0, 1, 8, 0, 0.0, 17.6, 0.5, 0, '10 00 00 ']
[0, 0, 9, 0]
[0, 1, 9, 0, 0.0, 19.200000000000003, 0.6000000000000001, 0, '10 00 00 ']
[0, 0, 13, 27]
[0, 1, 13, 27, 0.2, 18.0, -0.1, 0, '10 00 00 ']
[1, 0, 20, 0, 2]
b'\x14\x03\x04d\x05\x00\x00\xb1\xc3\x83\x83RQ\x00\x00UQ\xb6'
b'\x03\x04d\x05\x00\x00\xb1\xc3'
[0, 0, 3, 81]
[0, 1, 3, 81, 5.0, 18.2, -0.1, 0, '10 00 00 ']
[0, 0, 4, 0]
[0, 1, 4, 0, 0.0, 900.1, 0.1, 0, '10 10 00 ']
[0, 0, 5, 0]
[0, 1, 5, 0, 0.0, 900.1, 0.2, 0, '10 10 00 ']
[0, 0, 6, 0]
[0, 1, 6, 0, 0.0, 16.5, 0.30000000000000004, 0, '10 00 00 ']
[0, 0, 7, 0]
[0, 1, 7, 0, 0.0, 20.6, 0.4, 0, '10 00 00 ']
[0, 0, 8, 0]
[0, 1, 8, 0, 0.0, 17.6, 0.5, 0, '10 00 00 ']
[0, 0, 9, 0]
[0, 1, 9, 0, 0.0, 19.200000000000003, 0.6000000000000001, 0, '10 00 00 ']
[0, 0, 13, 46]
[0, 1, 13, 46, 0.7000000000000001, 18.0, -0.1, 0, '10 00 00 ']
[1, 0, 20, 0, 2]
b'\x14\x03\x04d\x05\x00\x00\xb1\xc3\x83\x83RR\x00\x00UR\xb6'
b'\x03\x04d\x05\x00\x00\xb1\xc3'
[0, 0, 3, 82]
[0, 1, 3, 82, 40.0, 18.2, -0.1, 0, '10 00 00 ']
[0, 0, 4, 0]
[0, 1, 4, 0, 0.0, 900.1, 0.1, 0, '10 10 00 ']
[0, 0, 5, 0]
[0, 1, 5, 0, 0.0, 900.1, 0.2, 0, '10 10 00 ']
[0, 0, 6, 0]
[0, 1, 6, 0, 0.0, 16.5, 0.30000000000000004, 0, '10 00 00 ']
[0, 0, 7, 0]
[0, 1, 7, 0, 0.0, 20.6, 0.4, 0, '10 00 00 ']
[0, 0, 8, 0]
[0, 1, 8, 0, 0.0, 17.6, 0.5, 0, '10 00 00 ']
[0, 0, 9, 0]
[0, 1, 9, 0, 0.0, 19.200000000000003, 0.6000000000000001, 0, '10 00 00 ']
[1, 0, 20, 0, 2]
b'\x14\x03\x04d\x05\x00\x00\xb1\xc3\x83\x83RS\x00\x00US\xb6'
b'\x03\x04d\x05\x00\x00\xb1\xc3'
[0, 0, 3, 83]
[0, 1, 3, 83, 32.0, 18.2, -0.1, 0, '10 00 00 ']
[0, 0, 4, 0]
[0, 1, 4, 0, 0.0, 900.1, 0.1, 0, '10 10 00 ']
[0, 0, 5, 0]
[0, 1, 5, 0, 0.0, 900.1, 0.2, 0, '10 10 00 ']
[0, 0, 6, 0]
[0, 1, 6, 0, 0.0, 16.5, 0.30000000000000004, 0, '10 00 00 ']
[0, 0, 7, 0]
[0, 1, 7, 0, 0.0, 20.6, 0.4, 0, '10 00 00 ']
[0, 0, 8, 0]
[0, 1, 8, 0, 0.0, 17.6, 0.5, 0, '10 00 00 ']
[0, 0, 9, 0]
[0, 1, 9, 0, 0.0, 19.200000000000003, 0.6000000000000001, 0, '10 00 00 ']
[0, 0, 13, 80]
[0, 1, 13, 80, 30.0, 18.0, -0.1, 0, '10 00 00 ']
[1, 0, 20, 0, 2]
b'\x14\x03\x04d\x05\x00\x00\xb1\xc3\x83\x83RT\x00\x00UT\xb6'
b'\x03\x04d\x05\x00\x00\xb1\xc3'
[0, 0, 3, 84]
[0, 1, 3, 84, 22.0, 18.2, -0.1, 0, '10 00 00 ']
[0, 0, 4, 0]
[0, 1, 4, 0, 0.0, 900.1, 0.1, 0, '10 10 00 ']
[0, 0, 5, 0]
[0, 1, 5, 0, 0.0, 900.1, 0.2, 0, '10 10 00 ']
[0, 0, 6, 0]
[0, 1, 6, 0, 0.0, 16.5, 0.30000000000000004, 0, '10 00 00 ']
[0, 0, 7, 0]
[0, 1, 7, 0, 0.0, 20.6, 0.4, 0, '10 00 00 ']
[0, 0, 8, 0]
[0, 1, 8, 0, 0.0, 17.6, 0.5, 0, '10 00 00 ']
[0, 0, 9, 0]
[0, 1, 9, 0, 0.0, 19.200000000000003, 0.6000000000000001, 0, '10 00 00 ']
[0, 0, 13, 81]
[0, 1, 13, 81, 5.0, 18.0, -0.1, 0, '10 00 00 ']
[1, 0, 20, 0, 2]
b'\x14\x03\x04d\x05\x00\x00\xb1\xc3\x83\x83RU\x00\x00UU\xb6'
b'\x03\x04d\x05\x00\x00\xb1\xc3'
[0, 0, 3, 85]
[0, 1, 3, 85, 332.0, 18.2, -0.1, 0, '10 00 00 ']
[0, 0, 4, 0]
[0, 1, 4, 0, 0.0, 900.1, 0.1, 0, '10 10 00 ']
[0, 0, 5, 0]
[0, 1, 5, 0, 0.0, 900.1, 0.2, 0, '10 10 00 ']
[0, 0, 6, 0]
[0, 1, 6, 0, 0.0, 16.5, 0.30000000000000004, 0, '10 00 00 ']
[0, 0, 7, 0]
[0, 1, 7, 0, 0.0, 20.6, 0.4, 0, '10 00 00 ']
[0, 0, 8, 0]
[0, 1, 8, 0, 0.0, 17.6, 0.5, 0, '10 00 00 ']
[0, 0, 9, 0]
[0, 1, 9, 0, 0.0, 19.200000000000003, 0.6000000000000001, 0, '10 00 00 ']
[0, 0, 13, 82]
[0, 1, 13, 82, 40.0, 18.0, -0.1, 0, '10 00 00 ']
[1, 0, 20, 0, 2]
b'\x14\x03\x04d\x05\x00\x00\xb1\xc3\x83\x83RV\x00\x00UV\xb6'
b'\x03\x04d\x05\x00\x00\xb1\xc3'
[0, 0, 3, 86]
[0, 1, 3, 86, 50.0, 18.2, -0.1, 0, '10 00 00 ']
[0, 0, 4, 0]
[0, 1, 4, 0, 0.0, 900.1, 0.1, 0, '10 10 00 ']
[0, 0, 5, 0]
[0, 1, 5, 0, 0.0, 900.1, 0.2, 0, '10 10 00 ']
[0, 0, 6, 0]
[0, 1, 6, 0, 0.0, 16.5, 0.30000000000000004, 0, '10 00 00 ']
[0, 0, 7, 0]
[0, 1, 7, 0, 0.0, 20.6, 0.4, 0, '10 00 00 ']
[0, 0, 8, 0]
[0, 1, 8, 0, 0.0, 17.6, 0.5, 0, '10 00 00 ']
[0, 0, 9, 0]
[0, 1, 9, 0, 0.0, 19.200000000000003, 0.6000000000000001, 0, '10 00 00 ']
[0, 0, 13, 83]
[0, 1, 13, 83, 32.0, 18.0, -0.1, 0, '10 00 00 ']
[1, 0, 20, 0, 2]
b'\x14\x03\x04d\x05\x00\x00\xb1\xc3\x83\x83RW\x00\x00UW\xb6'
b'\x03\x04d\x05\x00\x00\xb1\xc3'
[0, 0, 3, 87]
[0, 1, 3, 87, 500.0, 18.2, -0.1, 0, '10 00 00 ']
[0, 0, 4, 0]
[0, 1, 4, 0, 0.0, 900.1, 0.1, 0, '10 10 00 ']
[0, 0, 5, 0]
[0, 1, 5, 0, 0.0, 900.1, 0.2, 0, '10 10 00 ']
[0, 0, 6, 0]
[0, 1, 6, 0, 0.0, 16.5, 0.30000000000000004, 0, '10 00 00 ']
[0, 0, 7, 0]
[0, 1, 7, 0, 0.0, 20.6, 0.4, 0, '10 00 00 ']
[0, 0, 8, 0]
[0, 1, 8, 0, 0.0, 17.6, 0.5, 0, '10 00 00 ']
[0, 0, 9, 0]
[0, 1, 9, 0, 0.0, 19.200000000000003, 0.6000000000000001, 0, '10 00 00 ']
[0, 0, 13, 84]
[0, 1, 13, 84, 22.0, 18.0, -0.1, 0, '10 00 00 ']
[1, 0, 20, 0, 2]
b'\x14\x03\x04d\x05\x00\x00\xb1\xc3\x83\x83RX\x00\x00UX\xb6'
b'\x03\x04d\x05\x00\x00\xb1\xc3'
[0, 0, 3, 88]
[0, 1, 3, 88, 50.0, 18.2, -0.1, 0, '10 00 00 ']
[0, 0, 4, 0]
[0, 1, 4, 0, 0.0, 900.1, 0.1, 0, '10 10 00 ']
[0, 0, 5, 0]
[0, 1, 5, 0, 0.0, 900.1, 0.2, 0, '10 10 00 ']
[0, 0, 6, 0]
[0, 1, 6, 0, 0.0, 16.5, 0.30000000000000004, 0, '10 00 00 ']
[0, 0, 7, 0]
[0, 1, 7, 0, 0.0, 20.6, 0.4, 0, '10 00 00 ']
[0, 0, 8, 0]
[0, 1, 8, 0, 0.0, 17.6, 0.5, 0, '10 00 00 ']
[0, 0, 9, 0]
[0, 1, 9, 0, 0.0, 19.200000000000003, 0.6000000000000001, 0, '10 00 00 ']
[0, 0, 13, 85]
[0, 1, 13, 85, 332.0, 17.900000000000002, -0.1, 0, '10 00 00 ']
[1, 0, 20, 0, 2]
b'\x14\x03\x04d\x05\x00\x00\xb1\xc3\x83\x83RY\x00\x00UY\xb6'
b'\x03\x04d\x05\x00\x00\xb1\xc3'
[0, 0, 3, 89]
[0, 1, 3, 89, 500.0, 18.2, -0.1, 0, '10 00 00 ']
[0, 0, 4, 0]
[0, 1, 4, 0, 0.0, 900.1, 0.1, 0, '10 10 00 ']
[0, 0, 5, 0]
[0, 1, 5, 0, 0.0, 900.1, 0.2, 0, '10 10 00 ']
[0, 0, 6, 0]
[0, 1, 6, 0, 0.0, 16.5, 0.30000000000000004, 0, '10 00 00 ']
[0, 0, 7, 0]
[0, 1, 7, 0, 0.0, 20.6, 0.4, 0, '10 00 00 ']
[0, 0, 8, 0]
[0, 1, 8, 0, 0.0, 17.6, 0.5, 0, '10 00 00 ']
[0, 0, 9, 0]
[0, 1, 9, 0, 0.0, 19.200000000000003, 0.6000000000000001, 0, '10 00 00 ']
[0, 0, 13, 86]
[0, 1, 13, 86, 50.0, 18.0, -0.1, 0, '10 00 00 ']
[1, 0, 20, 0, 2]
b'\x14\x03\x04d\x05\x00\x00\xb1\xc3\x83\x83R\x00\x00\x00U\x00\xb6'
b'\x03\x04d\x05\x00\x00\xb1\xc3'
[0, 0, 3, 0]
[0, 1, 3, 0, 30.0, 18.2, -0.1, 0, '10 00 00 ']
[0, 0, 4, 0]
[0, 1, 4, 0, 0.0, 900.1, 0.1, 0, '10 10 00 ']
[0, 0, 5, 0]
[0, 1, 5, 0, 0.0, 900.1, 0.2, 0, '10 10 00 ']
[0, 0, 6, 0]
[0, 1, 6, 0, 0.0, 16.5, 0.30000000000000004, 0, '10 00 00 ']
[0, 0, 7, 0]
[0, 1, 7, 0, 0.0, 20.6, 0.4, 0, '10 00 00 ']
[0, 0, 8, 0]
[0, 1, 8, 0, 0.0, 17.6, 0.5, 0, '10 00 00 ']
[0, 0, 9, 0]
[0, 1, 9, 0, 0.0, 19.200000000000003, 0.6000000000000001, 0, '10 00 00 ']
[0, 0, 13, 87]
[0, 1, 13, 87, 500.0, 18.0, -0.1, 0, '10 00 00 ']
[1, 0, 20, 0, 2]
b'\x14\x03\x04d\x05\x00\x00\xb1\xc3\x84\x84R\x00\x00\x00V\x00)'
b'\x03\x04d\x05\x00\x00\xb1\xc3'
[0, 0, 4, 0]
[0, 1, 4, 0, 0.0, 900.1, 0.1, 0, '10 10 00 ']
[0, 0, 5, 0]
[0, 1, 5, 0, 0.0, 900.1, 0.2, 0, '10 10 00 ']
[0, 0, 6, 0]
[0, 1, 6, 0, 0.0, 16.5, 0.30000000000000004, 0, '10 00 00 ']
[0, 0, 7, 0]
[0, 1, 7, 0, 0.0, 20.6, 0.4, 0, '10 00 00 ']
[0, 0, 8, 0]
[0, 1, 8, 0, 0.0, 17.6, 0.5, 0, '10 00 00 ']
[0, 0, 9, 0]
[0, 1, 9, 0, 0.0, 19.200000000000003, 0.6000000000000001, 0, '10 00 00 ']
[0, 0, 13, 88]
[0, 1, 13, 88, 50.0, 18.0, -0.1, 0, '10 00 00 ']
[1, 0, 20, 0, 2]
b'\x14\x03\x04d\x05\x00\x00\xb1\xc3\x84\x84R\x00\x00\x00V\x00)'
b'\x03\x04d\x05\x00\x00\xb1\xc3'
[0, 0, 4, 0]
[0, 1, 4, 0, 0.0, 900.1, 0.1, 0, '10 10 00 ']
[0, 0, 5, 0]
[0, 1, 5, 0, 0.0, 900.1, 0.2, 0, '10 10 00 ']
[0, 0, 6, 0]
[0, 1, 6, 0, 0.0, 16.5, 0.30000000000000004, 0, '10 00 00 ']
[0, 0, 7, 0]
[0, 1, 7, 0, 0.0, 20.6, 0.4, 0, '10 00 00 ']
[0, 0, 8, 0]
[0, 1, 8, 0, 0.0, 17.6, 0.5, 0, '10 00 00 ']
[0, 0, 9, 0]
[0, 1, 9, 0, 0.0, 19.200000000000003, 0.6000000000000001, 0, '10 00 00 ']
[0, 0, 13, 89]
[0, 1, 13, 89, 500.0, 18.0, -0.1, 0, '10 00 00 ']
[1, 0, 20, 0, 2]
b'\x14\x03\x04d\x05\x00\x00\xb1\xc3\x84\x84R\x00\x00\x00V\x00)'
b'\x03\x04d\x05\x00\x00\xb1\xc3'
[0, 0, 4, 0]
[0, 1, 4, 0, 0.0, 900.1, 0.1, 0, '10 10 00 ']
[0, 0, 5, 0]
[0, 1, 5, 0, 0.0, 900.1, 0.2, 0, '10 10 00 ']
[0, 0, 6, 0]
[0, 1, 6, 0, 0.0, 16.5, 0.30000000000000004, 0, '10 00 00 ']
[0, 0, 7, 0]
[0, 1, 7, 0, 0.0, 20.6, 0.4, 0, '10 00 00 ']
[0, 0, 8, 0]
[0, 1, 8, 0, 0.0, 17.6, 0.5, 0, '10 00 00 ']
[0, 0, 9, 0]
[0, 1, 9, 0, 0.0, 19.3, 0.6000000000000001, 0, '10 00 00 ']
[0, 0, 13, 0]
[0, 1, 13, 0, 30.0, 18.0, -0.1, 0, '10 00 00 ']
[1, 0, 20, 0, 2]
b'\x14\x03\x04d\x05\x00\x00\xb1\xc3\x83\x83R\x1b\x00\x00U\x1b\xb6'
b'\x03\x04d\x05\x00\x00\xb1\xc3'
[0, 0, 3, 27]
[0, 1, 3, 27, 0.2, 18.2, -0.1, 0, '10 00 00 ']
[0, 0, 4, 0]
[0, 1, 4, 0, 0.0, 900.1, 0.1, 0, '10 10 00 ']
[0, 0, 5, 0]
[0, 1, 5, 0, 0.0, 900.1, 0.2, 0, '10 10 00 ']
[0, 0, 6, 0]
[0, 1, 6, 0, 0.0, 16.5, 0.30000000000000004, 0, '10 00 00 ']
[0, 0, 7, 0]
[0, 1, 7, 0, 0.0, 20.6, 0.4, 0, '10 00 00 ']
[0, 0, 8, 0]
[0, 1, 8, 0, 0.0, 17.6, 0.5, 0, '10 00 00 ']
[0, 0, 9, 0]
[0, 1, 9, 0, 0.0, 19.3, 0.6000000000000001, 0, '10 00 00 ']
[1, 0, 20, 0, 2]
b'\x14\x03\x04d\x05\x00\x00\xb1\xc3\x83\x83R.\x00\x00U.\xb6'
b'\x03\x04d\x05\x00\x00\xb1\xc3'
[0, 0, 3, 46]
[0, 1, 3, 46, 0.7000000000000001, 18.2, -0.1, 0, '10 00 00 ']
[0, 0, 4, 0]
[0, 1, 4, 0, 0.0, 900.1, 0.1, 0, '10 10 00 ']
[0, 0, 5, 0]
[0, 1, 5, 0, 0.0, 900.1, 0.2, 0, '10 10 00 ']
[0, 0, 6, 0]
[0, 1, 6, 0, 0.0, 16.5, 0.30000000000000004, 0, '10 00 00 ']
[0, 0, 7, 0]
[0, 1, 7, 0, 0.0, 20.6, 0.4, 0, '10 00 00 ']
[0, 0, 8, 0]
[0, 1, 8, 0, 0.0, 17.6, 0.5, 0, '10 00 00 ']
[0, 0, 9, 0]
[0, 1, 9, 0, 0.0, 19.3, 0.6000000000000001, 0, '10 00 00 ']
[1, 0, 20, 0, 2]
b'\x14\x03\x04d\x05\x00\x00\xb1\xc3\x84\x84R\x00\x00\x00V\x00)'
b'\x03\x04d\x05\x00\x00\xb1\xc3'
[0, 0, 4, 0]
[0, 1, 4, 0, 0.0, 900.1, 0.1, 0, '10 10 00 ']
[0, 0, 5, 0]
[0, 1, 5, 0, 0.0, 900.1, 0.2, 0, '10 10 00 ']
[0, 0, 6, 0]
[0, 1, 6, 0, 0.0, 16.5, 0.30000000000000004, 0, '10 00 00 ']
[0, 0, 7, 0]
[0, 1, 7, 0, 0.0, 20.6, 0.4, 0, '10 00 00 ']
[0, 0, 8, 0]
[0, 1, 8, 0, 0.0, 17.6, 0.5, 0, '10 00 00 ']
[0, 0, 9, 0]
[0, 1, 9, 0, 0.0, 19.3, 0.6000000000000001, 0, '10 00 00 ']
[1, 0, 20, 0, 2]
b'\x14\x03\x04d\x05\x00\x00\xb1\xc3\x83\x83RP\x00\x00UP\xb6'
b'\x03\x04d\x05\x00\x00\xb1\xc3'
[0, 0, 3, 80]
[0, 1, 3, 80, 30.0, 18.2, -0.1, 0, '10 00 00 ']
[0, 0, 4, 0]
[0, 1, 4, 0, 0.0, 900.1, 0.1, 0, '10 10 00 ']
[0, 0, 5, 0]
[0, 1, 5, 0, 0.0, 900.1, 0.2, 0, '10 10 00 ']
[0, 0, 6, 0]
[0, 1, 6, 0, 0.0, 16.5, 0.30000000000000004, 0, '10 00 00 ']
[0, 0, 7, 0]
[0, 1, 7, 0, 0.0, 20.6, 0.4, 0, '10 00 00 ']
[0, 0, 8, 0]
[0, 1, 8, 0, 0.0, 17.6, 0.5, 0, '10 00 00 ']
[0, 0, 9, 0]
[0, 1, 9, 0, 0.0, 19.3, 0.6000000000000001, 0, '10 00 00 ']
[0, 0, 13, 27]
[0, 1, 13, 27, 0.2, 18.0, -0.1, 0, '10 00 00 ']
[1, 0, 20, 0, 2]
b'\x14\x03\x04d\x05\x00\x00\xb1\xc3\x83\x83RQ\x00\x00UQ\xb6'
b'\x03\x04d\x05\x00\x00\xb1\xc3'
[0, 0, 3, 81]
[0, 1, 3, 81, 5.0, 18.2, -0.1, 0, '10 00 00 ']
[0, 0, 4, 0]
[0, 1, 4, 0, 0.0, 900.1, 0.1, 0, '10 10 00 ']
[0, 0, 5, 0]
[0, 1, 5, 0, 0.0, 900.1, 0.2, 0, '10 10 00 ']
[0, 0, 6, 0]
[0, 1, 6, 0, 0.0, 16.5, 0.30000000000000004, 0, '10 00 00 ']
[0, 0, 7, 0]
[0, 1, 7, 0, 0.0, 20.6, 0.4, 0, '10 00 00 ']
[0, 0, 8, 0]
[0, 1, 8, 0, 0.0, 17.6, 0.5, 0, '10 00 00 ']
[0, 0, 9, 0]
[0, 1, 9, 0, 0.0, 19.3, 0.6000000000000001, 0, '10 00 00 ']
[0, 0, 13, 46]
[0, 1, 13, 46, 0.7000000000000001, 18.0, -0.1, 0, '10 00 00 ']
[1, 0, 20, 0, 2]
b'\x14\x03\x04d\x05\x00\x00\xb1\xc3\x83\x83RR\x00\x00UR\xb6'
b'\x03\x04d\x05\x00\x00\xb1\xc3'
[0, 0, 3, 82]
[0, 1, 3, 82, 40.0, 18.2, -0.1, 0, '10 00 00 ']
[0, 0, 4, 0]
[0, 1, 4, 0, 0.0, 900.1, 0.1, 0, '10 10 00 ']
[0, 0, 5, 0]
[0, 1, 5, 0, 0.0, 900.1, 0.2, 0, '10 10 00 ']
[0, 0, 6, 0]
[0, 1, 6, 0, 0.0, 16.5, 0.30000000000000004, 0, '10 00 00 ']
[0, 0, 7, 0]
[0, 1, 7, 0, 0.0, 20.6, 0.4, 0, '10 00 00 ']
[0, 0, 8, 0]
[0, 1, 8, 0, 0.0, 17.6, 0.5, 0, '10 00 00 ']
[0, 0, 9, 0]
[0, 1, 9, 0, 0.0, 19.3, 0.6000000000000001, 0, '10 00 00 ']
[1, 0, 20, 0, 2]
b'\x14\x03\x04d\x05\x00\x00\xb1\xc3\x83\x83RS\x00\x00US\xb6'
b'\x03\x04d\x05\x00\x00\xb1\xc3'
[0, 0, 3, 83]
[0, 1, 3, 83, 32.0, 18.2, -0.1, 0, '10 00 00 ']
[0, 0, 4, 0]
[0, 1, 4, 0, 0.0, 900.1, 0.1, 0, '10 10 00 ']
[0, 0, 5, 0]
[0, 1, 5, 0, 0.0, 900.1, 0.2, 0, '10 10 00 ']
[0, 0, 6, 0]
[0, 1, 6, 0, 0.0, 16.5, 0.30000000000000004, 0, '10 00 00 ']
[0, 0, 7, 0]
[0, 1, 7, 0, 0.0, 20.6, 0.4, 0, '10 00 00 ']
[0, 0, 8, 0]
[0, 1, 8, 0, 0.0, 17.6, 0.5, 0, '10 00 00 ']
[0, 0, 9, 0]
[0, 1, 9, 0, 0.0, 19.3, 0.6000000000000001, 0, '10 00 00 ']
[0, 0, 13, 80]
[0, 1, 13, 80, 30.0, 18.0, -0.1, 0, '10 00 00 ']
[1, 0, 20, 0, 2]
b'\x14\x03\x04d\x05\x00\x00\xb1\xc3\x83\x83RT\x00\x00UT\xb6'
b'\x03\x04d\x05\x00\x00\xb1\xc3'
[0, 0, 3, 84]
[0, 1, 3, 84, 22.0, 18.2, -0.1, 0, '10 00 00 ']
[0, 0, 4, 0]
[0, 1, 4, 0, 0.0, 900.1, 0.1, 0, '10 10 00 ']
[0, 0, 5, 0]
[0, 1, 5, 0, 0.0, 900.1, 0.2, 0, '10 10 00 ']
[0, 0, 6, 0]
[0, 1, 6, 0, 0.0, 16.5, 0.30000000000000004, 0, '10 00 00 ']
[0, 0, 7, 0]
[0, 1, 7, 0, 0.0, 20.6, 0.4, 0, '10 00 00 ']
[0, 0, 8, 0]
[0, 1, 8, 0, 0.0, 17.6, 0.5, 0, '10 00 00 ']
[0, 0, 9, 0]
[0, 1, 9, 0, 0.0, 19.3, 0.6000000000000001, 0, '10 00 00 ']
[0, 0, 13, 81]
[0, 1, 13, 81, 5.0, 18.0, -0.1, 0, '10 00 00 ']
[1, 0, 20, 0, 2]
b'\x14\x03\x04d\x05\x00\x00\xb1\xc3\x83\x83RU\x00\x00UU\xb6'
b'\x03\x04d\x05\x00\x00\xb1\xc3'
[0, 0, 3, 85]
[0, 1, 3, 85, 332.0, 18.2, -0.1, 0, '10 00 00 ']
[0, 0, 4, 0]
[0, 1, 4, 0, 0.0, 900.1, 0.1, 0, '10 10 00 ']
[0, 0, 5, 0]
[0, 1, 5, 0, 0.0, 900.1, 0.2, 0, '10 10 00 ']
[0, 0, 6, 0]
[0, 1, 6, 0, 0.0, 16.5, 0.30000000000000004, 0, '10 00 00 ']
[0, 0, 7, 0]
[0, 1, 7, 0, 0.0, 20.6, 0.4, 0, '10 00 00 ']
[0, 0, 8, 0]
[0, 1, 8, 0, 0.0, 17.6, 0.5, 0, '10 00 00 ']
[0, 0, 9, 0]
[0, 1, 9, 0, 0.0, 19.3, 0.6000000000000001, 0, '10 00 00 ']
[0, 0, 13, 82]
[0, 1, 13, 82, 40.0, 18.0, -0.1, 0, '10 00 00 ']
[1, 0, 20, 0, 2]
b'\x14\x03\x04d\x05\x00\x00\xb1\xc3\x83\x83RV\x00\x00UV\xb6'
b'\x03\x04d\x05\x00\x00\xb1\xc3'
[0, 0, 3, 86]
[0, 1, 3, 86, 50.0, 18.2, -0.1, 0, '10 00 00 ']
[0, 0, 4, 0]
[0, 1, 4, 0, 0.0, 900.1, 0.1, 0, '10 10 00 ']
[0, 0, 5, 0]
[0, 1, 5, 0, 0.0, 900.1, 0.2, 0, '10 10 00 ']
[0, 0, 6, 0]
[0, 1, 6, 0, 0.0, 16.5, 0.30000000000000004, 0, '10 00 00 ']
[0, 0, 7, 0]
[0, 1, 7, 0, 0.0, 20.6, 0.4, 0, '10 00 00 ']
[0, 0, 8, 0]
[0, 1, 8, 0, 0.0, 17.6, 0.5, 0, '10 00 00 ']
[0, 0, 9, 0]
[0, 1, 9, 0, 0.0, 19.3, 0.6000000000000001, 0, '10 00 00 ']
[0, 0, 13, 83]
[0, 1, 13, 83, 32.0, 18.0, -0.1, 0, '10 00 00 ']
[1, 0, 20, 0, 2]
b'\x14\x03\x04d\x05\x00\x00\xb1\xc3\x83\x83RW\x00\x00UW\xb6'
b'\x03\x04d\x05\x00\x00\xb1\xc3'
[0, 0, 3, 87]
[0, 1, 3, 87, 500.0, 18.2, -0.1, 0, '10 00 00 ']
[0, 0, 4, 0]
[0, 1, 4, 0, 0.0, 900.1, 0.1, 0, '10 10 00 ']
[0, 0, 5, 0]
[0, 1, 5, 0, 0.0, 900.1, 0.2, 0, '10 10 00 ']
[0, 0, 6, 0]
[0, 1, 6, 0, 0.0, 16.5, 0.30000000000000004, 0, '10 00 00 ']
[0, 0, 7, 0]
[0, 1, 7, 0, 0.0, 20.6, 0.4, 0, '10 00 00 ']
[0, 0, 8, 0]
[0, 1, 8, 0, 0.0, 17.6, 0.5, 0, '10 00 00 ']
[0, 0, 9, 0]
[0, 1, 9, 0, 0.0, 19.3, 0.6000000000000001, 0, '10 00 00 ']
[0, 0, 13, 84]
[0, 1, 13, 84, 22.0, 18.0, -0.1, 0, '10 00 00 ']
[1, 0, 20, 0, 2]
b'\x14\x03\x04d\x05\x00\x00\xb1\xc3\x83\x83RX\x00\x00UX\xb6'
b'\x03\x04d\x05\x00\x00\xb1\xc3'
[0, 0, 3, 88]
[0, 1, 3, 88, 50.0, 18.2, -0.1, 0, '10 00 00 ']
[0, 0, 4, 0]
[0, 1, 4, 0, 0.0, 900.1, 0.1, 0, '10 10 00 ']
[0, 0, 5, 0]
[0, 1, 5, 0, 0.0, 900.1, 0.2, 0, '10 10 00 ']
[0, 0, 6, 0]
[0, 1, 6, 0, 0.0, 16.5, 0.30000000000000004, 0, '10 00 00 ']
[0, 0, 7, 0]
[0, 1, 7, 0, 0.0, 20.6, 0.4, 0, '10 00 00 ']
[0, 0, 8, 0]
[0, 1, 8, 0, 0.0, 17.6, 0.5, 0, '10 00 00 ']
[0, 0, 9, 0]
[0, 1, 9, 0, 0.0, 19.3, 0.6000000000000001, 0, '10 00 00 ']
[0, 0, 13, 85]
[0, 1, 13, 85, 332.0, 18.0, -0.1, 0, '10 00 00 ']
[1, 0, 20, 0, 2]
b'\x14\x03\x04d\x05\x00\x00\xb1\xc3\x83\x83RY\x00\x00UY\xb6'
b'\x03\x04d\x05\x00\x00\xb1\xc3'
[0, 0, 3, 89]
[0, 1, 3, 89, 500.0, 18.2, -0.1, 0, '10 00 00 ']
[0, 0, 4, 0]
[0, 1, 4, 0, 0.0, 900.1, 0.1, 0, '10 10 00 ']
[0, 0, 5, 0]
[0, 1, 5, 0, 0.0, 900.1, 0.2, 0, '10 10 00 ']
[0, 0, 6, 0]
[0, 1, 6, 0, 0.0, 16.5, 0.30000000000000004, 0, '10 00 00 ']
[0, 0, 7, 0]
[0, 1, 7, 0, 0.0, 20.6, 0.4, 0, '10 00 00 ']
[0, 0, 8, 0]
[0, 1, 8, 0, 0.0, 17.6, 0.5, 0, '10 00 00 ']
[0, 0, 9, 0]
[0, 1, 9, 0, 0.0, 19.3, 0.6000000000000001, 0, '10 00 00 ']
[0, 0, 13, 86]
[0, 1, 13, 86, 50.0, 18.0, -0.1, 0, '10 00 00 ']
[1, 0, 20, 0, 2]
b'\x14\x03\x04d\x05\x00\x00\xb1\xc3\x83\x83R\x00\x00\x00U\x00\xb6'
b'\x03\x04d\x05\x00\x00\xb1\xc3'
[0, 0, 3, 0]
[0, 1, 3, 0, 30.0, 18.2, -0.1, 0, '10 00 00 ']
[0, 0, 4, 0]
[0, 1, 4, 0, 0.0, 900.1, 0.1, 0, '10 10 00 ']
[0, 0, 5, 0]
[0, 1, 5, 0, 0.0, 900.1, 0.2, 0, '10 10 00 ']
[0, 0, 6, 0]
[0, 1, 6, 0, 0.0, 16.5, 0.30000000000000004, 0, '10 00 00 ']
[0, 0, 7, 0]
[0, 1, 7, 0, 0.0, 20.6, 0.4, 0, '10 00 00 ']
[0, 0, 8, 0]
[0, 1, 8, 0, 0.0, 17.6, 0.5, 0, '10 00 00 ']
[0, 0, 9, 0]
[0, 1, 9, 0, 0.0, 19.3, 0.6000000000000001, 0, '10 00 00 ']
[0, 0, 13, 87]
[0, 1, 13, 87, 500.0, 18.0, -0.1, 0, '10 00 00 ']
[1, 0, 20, 0, 2]
b'\x14\x03\x04d\x05\x00\x00\xb1\xc3\x84\x84R\x00\x00\x00V\x00)'
b'\x03\x04d\x05\x00\x00\xb1\xc3'
[0, 0, 4, 0]
[0, 1, 4, 0, 0.0, 900.1, 0.1, 0, '10 10 00 ']
[0, 0, 5, 0]
[0, 1, 5, 0, 0.0, 900.1, 0.2, 0, '10 10 00 ']
[0, 0, 6, 0]
[0, 1, 6, 0, 0.0, 16.5, 0.30000000000000004, 0, '10 00 00 ']
[0, 0, 7, 0]
[0, 1, 7, 0, 0.0, 20.6, 0.4, 0, '10 00 00 ']
[0, 0, 8, 0]
[0, 1, 8, 0, 0.0, 17.6, 0.5, 0, '10 00 00 ']
[0, 0, 9, 0]
[0, 1, 9, 0, 0.0, 19.3, 0.6000000000000001, 0, '10 00 00 ']
[0, 0, 13, 88]
[0, 1, 13, 88, 50.0, 18.0, -0.1, 0, '10 00 00 ']
[1, 0, 20, 0, 2]
b'\x14\x03\x04d\x05\x00\x00\xb1\xc3\x84\x84R\x00\x00\x00V\x00)'
b'\x03\x04d\x05\x00\x00\xb1\xc3'
[0, 0, 4, 0]
[0, 1, 4, 0, 0.0, 900.1, 0.1, 0, '10 10 00 ']
[0, 0, 5, 0]
[0, 1, 5, 0, 0.0, 900.1, 0.2, 0, '10 10 00 ']
[0, 0, 6, 0]
[0, 1, 6, 0, 0.0, 16.5, 0.30000000000000004, 0, '10 00 00 ']
[0, 0, 7, 0]
[0, 1, 7, 0, 0.0, 20.6, 0.4, 0, '10 00 00 ']
[0, 0, 8, 0]
[0, 1, 8, 0, 0.0, 17.6, 0.5, 0, '10 00 00 ']
[0, 0, 9, 0]
[0, 1, 9, 0, 0.0, 19.3, 0.6000000000000001, 0, '10 00 00 ']
[0, 0, 13, 89]
[0, 1, 13, 89, 500.0, 18.0, -0.1, 0, '10 00 00 ']
[1, 0, 20, 0, 2]
b'\x14\x03\x04d\x05\x00\x00\xb1\xc3\x84\x84R\x00\x00\x00V\x00)'
b'\x03\x04d\x05\x00\x00\xb1\xc3'
[0, 0, 4, 0]
[0, 1, 4, 0, 0.0, 900.1, 0.1, 0, '10 10 00 ']
[0, 0, 5, 0]
[0, 1, 5, 0, 0.0, 900.1, 0.2, 0, '10 10 00 ']
[0, 0, 6, 0]
[0, 1, 6, 0, 0.0, 16.5, 0.30000000000000004, 0, '10 00 00 ']
[0, 0, 7, 0]
[0, 1, 7, 0, 0.0, 20.6, 0.4, 0, '10 00 00 ']
[0, 0, 8, 0]
[0, 1, 8, 0, 0.0, 17.6, 0.5, 0, '10 00 00 ']
[0, 0, 9, 0]
[0, 1, 9, 0, 0.0, 19.3, 0.6000000000000001, 0, '10 00 00 ']
[0, 0, 13, 0]
[0, 1, 13, 0, 30.0, 18.0, -0.1, 0, '10 00 00 ']
[1, 0, 20, 0, 2]
b'\x14\x03\x04d\x05\x00\x00\xb1\xc3\x83\x83R\x1b\x00\x00U\x1b\xb6'
b'\x03\x04d\x05\x00\x00\xb1\xc3'
[0, 0, 3, 27]
[0, 1, 3, 27, 0.2, 18.2, -0.1, 0, '10 00 00 ']
[0, 0, 4, 0]
[0, 1, 4, 0, 0.0, 900.1, 0.1, 0, '10 10 00 ']
[0, 0, 5, 0]
[0, 1, 5, 0, 0.0, 900.1, 0.2, 0, '10 10 00 ']
[0, 0, 6, 0]
[0, 1, 6, 0, 0.0, 16.5, 0.30000000000000004, 0, '10 00 00 ']
[0, 0, 7, 0]
[0, 1, 7, 0, 0.0, 20.6, 0.4, 0, '10 00 00 ']
[0, 0, 8, 0]
[0, 1, 8, 0, 0.0, 17.6, 0.5, 0, '10 00 00 ']
[0, 0, 9, 0]
[0, 1, 9, 0, 0.0, 19.3, 0.6000000000000001, 0, '10 00 00 ']
[1, 0, 20, 0, 2]
b'\x14\x03\x04d\x05\x00\x00\xb1\xc3\x83\x83R.\x00\x00U.\xb6'
b'\x03\x04d\x05\x00\x00\xb1\xc3'
[0, 0, 3, 46]
[0, 1, 3, 46, 0.7000000000000001, 18.2, -0.1, 0, '10 00 00 ']
[0, 0, 4, 0]
[0, 1, 4, 0, 0.0, 900.1, 0.1, 0, '10 10 00 ']
[0, 0, 5, 0]
[0, 1, 5, 0, 0.0, 900.1, 0.2, 0, '10 10 00 ']
[0, 0, 6, 0]
[0, 1, 6, 0, 0.0, 16.5, 0.30000000000000004, 0, '10 00 00 ']
[0, 0, 7, 0]
[0, 1, 7, 0, 0.0, 20.6, 0.4, 0, '10 00 00 ']
[0, 0, 8, 0]
[0, 1, 8, 0, 0.0, 17.6, 0.5, 0, '10 00 00 ']
[0, 0, 9, 0]
[0, 1, 9, 0, 0.0, 19.3, 0.6000000000000001, 0, '10 00 00 ']
[1, 0, 20, 0, 2]
b'\x14\x03\x04d\x05\x00\x00\xb1\xc3\x84\x84R\x00\x00\x00V\x00)'
b'\x03\x04d\x05\x00\x00\xb1\xc3'
[0, 0, 4, 0]
[0, 1, 4, 0, 0.0, 900.1, 0.1, 0, '10 10 00 ']
[0, 0, 5, 0]
[0, 1, 5, 0, 0.0, 900.1, 0.2, 0, '10 10 00 ']
[0, 0, 6, 0]
[0, 1, 6, 0, 0.0, 16.5, 0.30000000000000004, 0, '10 00 00 ']
[0, 0, 7, 0]
[0, 1, 7, 0, 0.0, 20.6, 0.4, 0, '10 00 00 ']
[0, 0, 8, 0]
