                                                                                                    
                                                                                                    
                                      22                7       7                                   
   74              487         787     882              880    7887                          784    
    887  0452777778888         888      88    4        7887     84    88              47 75888888   
     882    77   487           88  777  88   8882      887      887278888    8827288  8854577       
     284     7888             785 277777777777777     788       88           887  88  88            
      8   87   887 787        88            7         88   5   788   7       88   88  88            
          887748277588       787   727777772884      788  7882224427888      88   88  88       7    
          87  78    85       888    7777777          888   80       887      88   88  88      8887  
  227887  807748577284      5888            82      8488   80  881  88       88   88  887778897777  
  7  887  84  287  784     78 88   704545450888    81 88   80  887  88       88   88  88   587      
     88   87  78    84    78  88                  15  88   88  88   88       88   88  88   587      
     88   887708477484    7   88            7         88   80  88   88       887  88  84   487      
     88   84  287  784        88   788549454884       88  788  88   88       8827788 787   587      
     88   87  78    89        88   784      88        88  788  88   88       88   80 08    487      
     88  785  28772089        88   782      88        88   7  88745          88      88    487      
    2885  8   78  788         88   782      88        88     785  588               58     987      
  888  587             77     88   78872512788        88    082     888            787     487      
  88    78888888888888827     88   788      88        88  788        887          787      087      
           77215490088        88   787      84        87 40           8          78        887      
                              7                                                                     
                                                                                                    