                                                                                                                        
                                                                                                                        
                                                                                                                        
                                                                                                                        
                                  7                   702                     7              027                        
           777777777777277777777288807                  8881                   4888          888                        
                      4882                 77 7          887      78885          88   427 7  885    7807                
                      7887                 77777  88         28887    7     287    70 888    881   988857               
                      7887                         8         888             7888 78  885    882   7                    
             77777777 4882 777728887               787      888                  28   888 27 882 78887                  
             77       5887                          788   7888                  08    887  8     888                    
                      7887                            882888               7728887    88   78   884                     
                      7887                            288888                  888    788    78888                       
                      4882        7887            788887   98888077           888   785    7988887                      
         777777777777777777777777745447     77248027          7288888877     7888  287  75027   788888477               
                                          7777                                 77 77                7                   
                                                                                                                        
                                                                                                                        