[0, 2, 16, 46, 0.0]
[0, 2, 19, 46, 0.0]
[0, 2, 16, 27, 0.0]
[0, 2, 19, 27, 0.0]
[0, 0, 1, 0]
[0, 1, 1, 0, 30.0, 26.900000000000002, 29.0, 8, '11 00 00 ']
[0, 0, 2, 0]
[0, 0, 3, 0]
[0, 0, 4, 0]
[0, 0, 5, 0]
[0, 0, 6, 0]
[0, 0, 15, 0]
[0, 0, 16, 0]
[1, 0, 7, 0, 1]
[1, 0, 7, 0, 1]
[1, 0, 7, 0, 1]
[1, 0, 7, 0, 2]
[1, 0, 7, 0, 2]
[1, 0, 7, 0, 2]
[0, 0, 19, 0]
[0, 0, 1, 0]
[0, 1, 1, 0, 30.0, 27.0, 29.0, 8, '11 00 00 ']
[0, 0, 2, 0]
[0, 0, 3, 0]
[0, 0, 4, 0]
[0, 0, 5, 0]
[0, 0, 6, 0]
[0, 0, 15, 0]
[0, 0, 16, 0]
[1, 0, 7, 0, 2]
[1, 0, 7, 0, 2]
[1, 0, 7, 0, 2]
[0, 0, 19, 0]
[0, 0, 1, 0]
[0, 1, 1, 0, 30.0, 26.900000000000002, 29.0, 9, '11 00 00 ']
[0, 0, 2, 0]
[0, 0, 3, 0]
[0, 0, 4, 0]
[0, 0, 5, 0]
[0, 0, 6, 0]
[0, 0, 15, 0]
[0, 0, 16, 0]
[1, 0, 7, 0, 2]
[1, 0, 7, 0, 2]
[1, 0, 7, 0, 2]
[0, 0, 19, 0]
[0, 0, 1, 0]
[0, 1, 1, 0, 30.0, 26.900000000000002, 29.0, 9, '11 00 00 ']
[0, 0, 2, 0]
[0, 0, 3, 0]
[0, 0, 4, 0]
[0, 0, 5, 0]
[0, 0, 6, 0]
[0, 0, 15, 0]
[0, 0, 16, 0]
[1, 0, 7, 0, 2]
[1, 0, 7, 0, 2]
[1, 0, 7, 0, 2]
[0, 0, 19, 0]
[0, 0, 1, 0]
[0, 1, 1, 0, 30.0, 26.8, 29.0, 11, '11 00 00 ']
[0, 0, 2, 0]
[0, 0, 3, 0]
[0, 0, 4, 0]
[0, 0, 5, 0]
[0, 0, 6, 0]
[0, 0, 15, 0]
[0, 0, 16, 0]
[1, 0, 7, 0, 2]
[1, 0, 7, 0, 2]
[1, 0, 7, 0, 2]
[0, 0, 19, 0]
[0, 0, 1, 0]
[0, 1, 1, 0, 30.0, 26.8, 29.0, 11, '11 00 00 ']
[0, 0, 2, 0]
[0, 0, 3, 0]
[0, 0, 4, 0]
[0, 0, 5, 0]
[0, 0, 6, 0]
[0, 0, 15, 0]
[0, 0, 16, 0]
[1, 0, 7, 0, 2]
[1, 0, 7, 0, 2]
[1, 0, 7, 0, 2]
[0, 0, 19, 0]
[0, 0, 1, 0]
[0, 1, 1, 0, 30.0, 26.8, 29.0, 11, '11 00 00 ']
[0, 0, 2, 0]
[0, 0, 3, 0]
[0, 0, 4, 0]
[0, 0, 5, 0]
[0, 0, 6, 0]
[0, 0, 15, 0]
[0, 0, 16, 0]
[1, 0, 7, 0, 2]
[1, 0, 7, 0, 2]
[1, 0, 7, 0, 2]
[0, 0, 19, 0]
[0, 0, 1, 0]
[0, 1, 1, 0, 30.0, 26.8, 29.0, 12, '11 00 00 ']
[0, 0, 2, 0]
[0, 0, 3, 0]
[0, 0, 4, 0]
[0, 0, 5, 0]
[0, 0, 6, 0]
[0, 0, 15, 0]
[0, 0, 16, 0]
[1, 0, 7, 0, 2]
[1, 0, 7, 0, 2]
[1, 0, 7, 0, 2]
[0, 0, 19, 0]
[0, 0, 1, 0]
[0, 1, 1, 0, 30.0, 26.8, 29.0, 12, '11 00 00 ']
[0, 0, 2, 0]
[0, 0, 3, 0]
[0, 0, 4, 0]
[0, 0, 5, 0]
[0, 0, 6, 0]
[0, 0, 15, 0]
[0, 0, 16, 0]
[1, 0, 7, 0, 2]
[1, 0, 7, 0, 2]
[1, 0, 7, 0, 2]
[0, 0, 19, 0]
[0, 0, 1, 0]
[0, 1, 1, 0, 30.0, 26.8, 29.0, 11, '11 00 00 ']
[0, 0, 2, 0]
[0, 0, 3, 0]
[0, 0, 4, 0]
[0, 0, 5, 0]
[0, 0, 6, 0]
[0, 0, 15, 0]
[0, 0, 16, 0]
[1, 0, 7, 0, 1]
[1, 0, 7, 0, 1]
[1, 0, 7, 0, 1]
[0, 0, 19, 0]
[0, 0, 1, 0]
[0, 1, 1, 0, 30.0, 26.900000000000002, 29.0, 9, '11 00 00 ']
[0, 0, 2, 0]
[0, 0, 3, 0]
[0, 0, 4, 0]
[0, 0, 5, 0]
[0, 0, 6, 0]
[0, 0, 15, 0]
[0, 0, 16, 0]
[1, 0, 7, 0, 1]
[1, 0, 7, 0, 1]
[1, 0, 7, 0, 1]
[0, 0, 19, 0]
[0, 0, 1, 0]
[0, 1, 1, 0, 30.0, 26.8, 29.0, 13, '11 00 00 ']
[0, 0, 2, 0]
[0, 0, 3, 0]
[0, 0, 4, 0]
[0, 0, 5, 0]
[0, 0, 6, 0]
[0, 0, 15, 0]
[0, 0, 16, 0]
[1, 0, 7, 0, 1]
[1, 0, 7, 0, 1]
[1, 0, 7, 0, 1]
[0, 0, 19, 0]
[0, 0, 1, 0]
[0, 1, 1, 0, 30.0, 26.8, 29.0, 12, '11 00 00 ']
[0, 0, 2, 0]
[0, 0, 3, 0]
[0, 0, 4, 0]
[0, 0, 5, 0]
[0, 0, 6, 0]
[0, 0, 15, 0]
[0, 0, 16, 0]
[1, 0, 7, 0, 1]
[1, 0, 7, 0, 1]
[1, 0, 7, 0, 1]
[0, 0, 19, 0]
[0, 0, 1, 0]
[0, 1, 1, 0, 30.0, 26.900000000000002, 29.0, 12, '11 00 00 ']
[0, 0, 2, 0]
[0, 0, 3, 0]
[0, 0, 4, 0]
[0, 0, 5, 0]
[0, 0, 6, 0]
[0, 0, 15, 0]
[0, 0, 16, 0]
[1, 0, 7, 0, 1]
[1, 0, 7, 0, 1]
[1, 0, 7, 0, 1]
[0, 0, 19, 0]
[0, 0, 1, 0]
[0, 1, 1, 0, 30.0, 26.900000000000002, 29.0, 10, '11 00 00 ']
[0, 0, 2, 0]
[0, 0, 3, 0]
[0, 0, 4, 0]
[0, 0, 5, 0]
[0, 0, 6, 0]
[0, 0, 15, 0]
[0, 0, 16, 0]
[1, 0, 7, 0, 1]
[1, 0, 7, 0, 1]
[1, 0, 7, 0, 1]
[0, 0, 19, 0]
[0, 0, 1, 0]
[0, 1, 1, 0, 30.0, 26.900000000000002, 29.0, 12, '11 00 00 ']
[0, 0, 2, 0]
[0, 0, 3, 0]
[0, 0, 4, 0]
[0, 0, 5, 0]
[0, 0, 6, 0]
[0, 0, 15, 0]
[0, 0, 16, 0]
[1, 0, 7, 0, 1]
[1, 0, 7, 0, 1]
[1, 0, 7, 0, 1]
[0, 0, 19, 0]
[0, 0, 1, 0]
[0, 1, 1, 0, 30.0, 26.900000000000002, 29.0, 13, '11 00 00 ']
[0, 0, 2, 0]
[0, 0, 3, 0]
[0, 0, 4, 0]
[0, 0, 5, 0]
[0, 0, 6, 0]
[0, 0, 15, 0]
[0, 0, 16, 0]
[1, 0, 7, 0, 1]
[1, 0, 7, 0, 1]
[1, 0, 7, 0, 1]
[0, 0, 19, 0]
[0, 0, 1, 0]
[0, 1, 1, 0, 30.0, 26.900000000000002, 29.0, 12, '11 00 00 ']
[0, 0, 2, 0]
[0, 0, 3, 0]
[0, 0, 4, 0]
[0, 0, 5, 0]
[0, 0, 6, 0]
[0, 0, 15, 0]
[0, 0, 16, 0]
[1, 0, 7, 0, 1]
[1, 0, 7, 0, 1]
[1, 0, 7, 0, 1]
[0, 0, 19, 0]
[0, 0, 1, 0]
[0, 1, 1, 0, 30.0, 27.0, 29.0, 9, '11 00 00 ']
[0, 0, 2, 0]
[0, 0, 3, 0]
[0, 0, 4, 0]
[0, 0, 5, 0]
[0, 0, 6, 0]
[0, 0, 15, 0]
[0, 0, 16, 0]
[1, 0, 7, 0, 1]
[1, 0, 7, 0, 1]
[1, 0, 7, 0, 1]
[0, 0, 19, 0]
[0, 2, 19, 80, 232.0]
[0, 2, 16, 80, 232.0]
[0, 2, 19, 82, 3223.0]
[0, 2, 16, 82, 3223.0]
[0, 2, 19, 84, 326.0]
[0, 2, 16, 84, 326.0]
[0, 2, 19, 86, 422.0]
[0, 2, 16, 86, 422.0]
[0, 2, 19, 88, 812.0]
[0, 2, 16, 88, 812.0]
[0, 2, 19, 81, 26.0]
[0, 2, 16, 81, 26.0]
[0, 2, 19, 83, 542.0]
[0, 2, 16, 83, 542.0]
[0, 2, 19, 85, 431.0]
[0, 2, 16, 85, 431.0]
[0, 2, 19, 89, 326.0]
[0, 2, 16, 89, 326.0]
[0, 0, 1, 0]
[0, 1, 1, 0, 30.0, 27.0, 29.0, 11, '11 00 00 ']
[0, 0, 2, 0]
[0, 0, 3, 0]
[0, 0, 4, 0]
[0, 0, 5, 0]
[0, 0, 6, 0]
[0, 0, 15, 0]
[0, 2, 16, 46, 0.1]
[0, 2, 19, 46, 0.1]
[0, 0, 16, 0]
[1, 0, 7, 0, 1]
[1, 0, 7, 0, 1]
[1, 0, 7, 0, 1]
[0, 0, 19, 0]
[0, 0, 1, 0]
[0, 1, 1, 0, 30.0, 27.0, 29.0, 10, '11 00 00 ']
[0, 0, 2, 0]
[0, 0, 3, 0]
[0, 0, 4, 0]
[0, 0, 5, 0]
[0, 0, 6, 0]
[0, 0, 15, 0]
[0, 0, 16, 0]
[1, 0, 7, 0, 1]
[1, 0, 7, 0, 1]
[1, 0, 7, 0, 1]
[0, 0, 19, 0]
[0, 0, 1, 0]
[0, 1, 1, 0, 30.0, 27.0, 29.0, 12, '11 00 00 ']
[0, 0, 2, 0]
[0, 0, 3, 0]
[0, 0, 4, 0]
[0, 0, 5, 0]
[0, 0, 6, 0]
[0, 0, 15, 0]
[0, 0, 16, 0]
[1, 0, 7, 0, 1]
[1, 0, 7, 0, 1]
[1, 0, 7, 0, 1]
[0, 0, 19, 0]
[0, 0, 1, 0]
[0, 1, 1, 0, 30.0, 27.0, 29.0, 12, '11 00 00 ']
[0, 0, 2, 0]
[0, 0, 3, 0]
[0, 0, 4, 0]
[0, 0, 5, 0]
[0, 0, 6, 0]
[0, 0, 15, 0]
[0, 0, 16, 0]
[1, 0, 7, 0, 1]
[1, 0, 7, 0, 1]
[1, 0, 7, 0, 1]
[0, 0, 19, 0]
[0, 0, 1, 0]
[0, 1, 1, 0, 30.0, 26.900000000000002, 29.0, 15, '11 00 00 ']
[0, 0, 2, 0]
[0, 0, 3, 0]
[0, 0, 4, 0]
[0, 0, 5, 0]
[0, 0, 6, 0]
[0, 0, 15, 0]
[0, 0, 16, 0]
[1, 0, 7, 0, 1]
[1, 0, 7, 0, 1]
[1, 0, 7, 0, 1]
[0, 0, 19, 0]
[0, 0, 1, 0]
[0, 1, 1, 0, 30.0, 26.900000000000002, 29.0, 15, '11 00 00 ']
[0, 0, 2, 0]
[0, 0, 3, 0]
[0, 0, 4, 0]
[0, 0, 5, 0]
[0, 0, 6, 0]
[0, 0, 15, 0]
[0, 0, 16, 0]
[1, 0, 7, 0, 1]
[1, 0, 7, 0, 1]
[1, 0, 7, 0, 1]
[0, 0, 19, 0]
[0, 0, 1, 0]
[0, 1, 1, 0, 30.0, 26.900000000000002, 29.0, 15, '11 00 00 ']
[0, 0, 2, 0]
[0, 0, 3, 0]
[0, 0, 4, 0]
[0, 0, 5, 0]
[0, 0, 6, 0]
[0, 0, 15, 0]
[0, 0, 16, 0]
[1, 0, 7, 0, 1]
[1, 0, 7, 0, 1]
[1, 0, 7, 0, 1]
[0, 0, 19, 0]
[0, 0, 1, 0]
[0, 1, 1, 0, 30.0, 27.0, 29.0, 14, '11 00 00 ']
[0, 0, 2, 0]
[0, 0, 3, 0]
[0, 0, 4, 0]
[0, 0, 5, 0]
[0, 0, 6, 0]
[0, 0, 15, 0]
[0, 0, 16, 0]
[1, 0, 7, 0, 1]
[1, 0, 7, 0, 1]
[1, 0, 7, 0, 1]
[0, 0, 19, 0]
[0, 0, 1, 0]
[0, 1, 1, 0, 30.0, 27.0, 29.0, 14, '11 00 00 ']
[0, 0, 2, 0]
[0, 0, 3, 0]
[0, 0, 4, 0]
[0, 0, 5, 0]
[0, 0, 6, 0]
[0, 0, 15, 0]
[0, 2, 16, 46, 0.2]
[0, 2, 19, 46, 0.2]
[0, 0, 16, 0]
[1, 0, 7, 0, 1]
[1, 0, 7, 0, 1]
[1, 0, 7, 0, 1]
[0, 0, 19, 0]
[0, 0, 1, 0]
[0, 1, 1, 0, 30.0, 26.900000000000002, 29.0, 14, '11 00 00 ']
[0, 0, 2, 0]
[0, 0, 3, 0]
[0, 0, 4, 0]
[0, 0, 5, 0]
[0, 0, 6, 0]
[0, 0, 15, 0]
[0, 0, 16, 0]
[1, 0, 7, 0, 1]
[1, 0, 7, 0, 1]
[1, 0, 7, 0, 1]
[0, 0, 19, 0]
[0, 0, 1, 0]
[0, 1, 1, 0, 30.0, 26.900000000000002, 29.0, 17, '11 00 00 ']
[0, 0, 2, 0]
[0, 0, 3, 0]
[0, 0, 4, 0]
[0, 0, 5, 0]
[0, 0, 6, 0]
[0, 0, 15, 0]
[0, 0, 16, 0]
[1, 0, 7, 0, 1]
[1, 0, 7, 0, 1]
[1, 0, 7, 0, 1]
[0, 2, 16, 46, 0.30000000000000004]
[0, 2, 19, 46, 0.30000000000000004]
[0, 0, 19, 0]
[0, 0, 1, 0]
[0, 1, 1, 0, 30.0, 26.900000000000002, 29.0, 17, '11 00 00 ']
[0, 0, 2, 0]
[0, 0, 3, 0]
[0, 0, 4, 0]
[0, 0, 5, 0]
[0, 0, 6, 0]
[0, 0, 15, 0]
[0, 0, 16, 0]
[1, 0, 7, 0, 1]
[1, 0, 7, 0, 1]
[1, 0, 7, 0, 1]
[0, 0, 19, 0]
[0, 0, 1, 0]
[0, 1, 1, 0, 30.0, 26.8, 29.0, 17, '11 00 00 ']
[0, 0, 2, 0]
[0, 0, 3, 0]
[0, 0, 4, 0]
[0, 0, 5, 0]
[0, 0, 6, 0]
[0, 0, 15, 0]
[0, 0, 16, 0]
[1, 0, 7, 0, 1]
[1, 0, 7, 0, 1]
[1, 0, 7, 0, 1]
[0, 0, 19, 0]
[0, 0, 1, 0]
[0, 1, 1, 0, 30.0, 26.8, 29.0, 20, '11 00 00 ']
[0, 0, 2, 0]
[0, 0, 3, 0]
[0, 0, 4, 0]
[0, 0, 5, 0]
[0, 0, 6, 0]
[0, 0, 15, 0]
[0, 0, 16, 0]
[1, 0, 7, 0, 1]
[1, 0, 7, 0, 1]
[1, 0, 7, 0, 1]
[0, 0, 19, 0]
[0, 0, 1, 0]
[0, 1, 1, 0, 30.0, 26.900000000000002, 29.0, 18, '11 00 00 ']
[0, 0, 2, 0]
[0, 0, 3, 0]
[0, 0, 4, 0]
[0, 2, 16, 46, 0.1]
[0, 2, 19, 46, 0.1]
[0, 0, 5, 0]
[0, 0, 6, 0]
[0, 0, 15, 0]
[0, 0, 16, 0]
[1, 0, 7, 0, 1]
[1, 0, 7, 0, 1]
[1, 0, 7, 0, 1]
[0, 0, 19, 0]
[0, 0, 1, 0]
[0, 1, 1, 0, 30.0, 26.8, 29.0, 20, '11 00 00 ']
[0, 0, 2, 0]
[0, 0, 3, 0]
[0, 0, 4, 0]
[0, 0, 5, 0]
[0, 0, 6, 0]
[0, 0, 15, 0]
[0, 0, 16, 0]
[1, 0, 7, 0, 1]
[1, 0, 7, 0, 1]
[1, 0, 7, 0, 1]
[0, 0, 19, 0]
[0, 0, 1, 0]
[0, 1, 1, 0, 30.0, 26.900000000000002, 29.0, 19, '11 00 00 ']
[0, 0, 2, 0]
[0, 0, 3, 0]
[0, 0, 4, 0]
[0, 0, 5, 0]
[0, 0, 6, 0]
[0, 0, 15, 0]
[0, 0, 16, 0]
[1, 0, 7, 0, 1]
[1, 0, 7, 0, 1]
[1, 0, 7, 0, 1]
[0, 0, 19, 0]
[0, 0, 1, 0]
[0, 1, 1, 0, 30.0, 26.900000000000002, 29.0, 19, '11 00 00 ']
[0, 0, 2, 0]
[0, 0, 3, 0]
[0, 0, 4, 0]
[0, 0, 5, 0]
[0, 0, 6, 0]
[0, 0, 15, 0]
[0, 0, 16, 0]
[1, 0, 7, 0, 1]
[1, 0, 7, 0, 1]
[1, 0, 7, 0, 1]
[0, 0, 19, 0]
[0, 0, 1, 0]
[0, 1, 1, 0, 30.0, 26.900000000000002, 29.0, 21, '11 00 00 ']
[0, 0, 2, 0]
[0, 0, 3, 0]
[0, 0, 4, 0]
[0, 0, 5, 0]
[0, 0, 6, 0]
[0, 0, 15, 0]
[0, 0, 16, 0]
[1, 0, 7, 0, 1]
[1, 0, 7, 0, 1]
[1, 0, 7, 0, 1]
[0, 0, 19, 0]
[0, 0, 1, 0]
[0, 1, 1, 0, 30.0, 26.900000000000002, 29.0, 20, '11 00 00 ']
[0, 0, 2, 0]
[0, 0, 3, 0]
[0, 0, 4, 0]
[0, 0, 5, 0]
[0, 0, 6, 0]
[0, 0, 15, 0]
[0, 0, 16, 0]
[1, 0, 7, 0, 1]
[1, 0, 7, 0, 1]
[1, 0, 7, 0, 1]
[0, 0, 19, 0]
[0, 0, 1, 0]
[0, 1, 1, 0, 30.0, 26.900000000000002, 29.0, 18, '11 00 00 ']
[0, 0, 2, 0]
[0, 0, 3, 0]
[0, 0, 4, 0]
[0, 0, 5, 0]
[0, 0, 6, 0]
[0, 0, 15, 0]
[0, 0, 16, 0]
[1, 0, 7, 0, 2]
[1, 0, 7, 0, 2]
[1, 0, 7, 0, 2]
[0, 0, 19, 0]
[0, 0, 1, 0]
[0, 1, 1, 0, 30.0, 26.900000000000002, 29.0, 18, '11 00 00 ']
[0, 0, 2, 0]
[0, 0, 3, 0]
[0, 0, 4, 0]
[0, 0, 5, 0]
[0, 0, 6, 0]
[0, 0, 15, 0]
[0, 0, 16, 0]
[1, 0, 7, 0, 2]
[1, 0, 7, 0, 2]
[1, 0, 7, 0, 2]
[0, 0, 19, 0]
[0, 0, 1, 0]
[0, 1, 1, 0, 30.0, 27.400000000000002, 29.0, 0, '11 00 00 ']
[0, 0, 2, 0]
[0, 0, 3, 0]
[0, 0, 4, 0]
[0, 0, 5, 0]
[0, 0, 6, 0]
[0, 0, 15, 0]
[0, 0, 16, 0]
[1, 0, 7, 0, 2]
[1, 0, 7, 0, 2]
[1, 0, 7, 0, 2]
[0, 0, 19, 0]
[0, 0, 1, 0]
[0, 1, 1, 0, 30.0, 26.900000000000002, 29.0, 0, '11 00 00 ']
[0, 0, 2, 0]
[0, 0, 3, 0]
[0, 0, 4, 0]
[0, 0, 5, 0]
[0, 0, 6, 0]
[0, 0, 15, 0]
[0, 0, 16, 0]
[1, 0, 7, 0, 2]
[1, 0, 7, 0, 2]
[1, 0, 7, 0, 2]
[0, 0, 19, 0]
[0, 0, 1, 0]
[0, 1, 1, 0, 30.0, 26.8, 29.0, 31, '11 00 00 ']
[0, 0, 2, 0]
[0, 0, 3, 0]
[0, 0, 4, 0]
[0, 0, 5, 0]
[0, 0, 6, 0]
[0, 0, 15, 0]
[0, 0, 16, 0]
[1, 0, 7, 0, 2]
[1, 0, 7, 0, 2]
[1, 0, 7, 0, 2]
[0, 0, 19, 0]
[0, 0, 1, 0]
[0, 1, 1, 0, 30.0, 26.8, 29.0, 31, '11 00 00 ']
[0, 0, 2, 0]
[0, 0, 3, 0]
[0, 0, 4, 0]
[0, 0, 5, 0]
[0, 0, 6, 0]
[0, 0, 15, 0]
[0, 0, 16, 0]
[1, 0, 7, 0, 2]
[1, 0, 7, 0, 2]
[1, 0, 7, 0, 2]
[0, 0, 19, 0]
[0, 0, 1, 0]
[0, 1, 1, 0, 30.0, 26.6, 29.0, 31, '11 00 00 ']
[0, 0, 2, 0]
[0, 0, 3, 0]
[0, 0, 4, 0]
[0, 0, 5, 0]
[0, 0, 6, 0]
[0, 0, 15, 0]
[0, 0, 16, 0]
[1, 0, 7, 0, 2]
[1, 0, 7, 0, 2]
[1, 0, 7, 0, 2]
[0, 0, 19, 0]
[0, 0, 1, 0]
[0, 1, 1, 0, 30.0, 26.5, 29.0, 32, '11 00 00 ']
[0, 0, 2, 0]
[0, 0, 3, 0]
[0, 0, 4, 0]
[0, 0, 5, 0]
[0, 0, 6, 0]
[0, 0, 15, 0]
[0, 0, 16, 0]
[1, 0, 7, 0, 2]
[1, 0, 7, 0, 2]
[1, 0, 7, 0, 2]
[0, 0, 19, 0]
[0, 0, 1, 0]
[0, 1, 1, 0, 30.0, 26.5, 29.0, 34, '11 00 00 ']
[0, 0, 2, 0]
[0, 0, 3, 0]
[0, 0, 4, 0]
[0, 0, 5, 0]
[0, 0, 6, 0]
[0, 0, 15, 0]
[0, 0, 16, 0]
[1, 0, 7, 0, 2]
[1, 0, 7, 0, 2]
[1, 0, 7, 0, 2]
[0, 0, 19, 0]
[0, 0, 1, 0]
[0, 1, 1, 0, 30.0, 26.400000000000002, 29.0, 32, '11 00 00 ']
[0, 0, 2, 0]
[0, 0, 3, 0]
[0, 0, 4, 0]
[0, 0, 5, 0]
[0, 0, 6, 0]
[0, 0, 15, 0]
[0, 0, 16, 0]
[1, 0, 7, 0, 2]
[1, 0, 7, 0, 2]
[1, 0, 7, 0, 2]
[0, 0, 19, 0]
[0, 0, 1, 0]
[0, 1, 1, 0, 30.0, 26.3, 29.0, 35, '11 00 00 ']
[0, 0, 2, 0]
[0, 0, 3, 0]
[0, 0, 4, 0]
[0, 0, 5, 0]
[0, 0, 6, 0]
[0, 0, 15, 0]
[0, 0, 16, 0]
[1, 0, 7, 0, 2]
[1, 0, 7, 0, 2]
[1, 0, 7, 0, 2]
[0, 0, 19, 0]
[0, 0, 1, 0]
[0, 1, 1, 0, 30.0, 26.400000000000002, 29.0, 31, '11 00 00 ']
[0, 0, 2, 0]
[0, 0, 3, 0]
[0, 0, 4, 0]
[0, 0, 5, 0]
[0, 0, 6, 0]
[0, 0, 15, 0]
[0, 0, 16, 0]
[1, 0, 7, 0, 2]
[1, 0, 7, 0, 2]
[1, 0, 7, 0, 2]
[0, 0, 19, 0]
[0, 0, 1, 0]
[0, 1, 1, 0, 30.0, 26.400000000000002, 29.0, 30, '11 00 00 ']
[0, 0, 2, 0]
[0, 0, 3, 0]
[0, 0, 4, 0]
[0, 0, 5, 0]
[0, 0, 6, 0]
[0, 0, 15, 0]
[0, 0, 16, 0]
[1, 0, 7, 0, 2]
[1, 0, 7, 0, 2]
