[0, 0, 3, 0]
[0, 1, 3, 0, 3.0, -59.5, 3.0, 0, '11 00 00 ']
[0, 0, 4, 0]
[0, 1, 4, 0, 0.0, 900.1, 0.1, 0, '10 10 00 ']
[0, 0, 5, 0]
[0, 1, 5, 0, 0.0, 900.1, 0.2, 0, '10 10 00 ']
[0, 0, 6, 0]
[0, 1, 6, 0, 0.0, 900.1, 0.30000000000000004, 0, '10 10 00 ']
[0, 0, 7, 0]
[0, 1, 7, 0, 0.0, 900.1, 0.4, 0, '10 10 00 ']
[0, 0, 8, 0]
[0, 1, 8, 0, 0.0, 900.1, 0.5, 0, '10 10 00 ']
[0, 0, 9, 0]
[0, 1, 9, 0, 0.0, 900.1, 0.6000000000000001, 0, '10 10 00 ']
[0, 0, 13, 0]
[0, 1, 13, 0, 3.0, 858.9000000000001, 3.0, 0, '11 10 00 ']
