b'P\x00\x00.s'
[0, 0, 5, 0]
[0, 1, 5, 0, 0.0, 900.1, 0.2, 0, '10 10 00 ']
[0, 0, 6, 0]
[0, 1, 6, 0, 0.0, 16.5, 0.30000000000000004, 0, '10 00 00 ']
[0, 0, 7, 0]
[0, 1, 7, 0, 0.0, 20.6, 0.4, 0, '10 00 00 ']
[0, 0, 8, 0]
[0, 1, 8, 0, 0.0, 17.6, 0.5, 0, '10 00 00 ']
[0, 0, 9, 0]
[0, 1, 9, 0, 0.0, 19.3, 0.6000000000000001, 0, '10 00 00 ']
b'\x14\x03\x00\x00\x00\x02\xc6\xce\x14\x03\x04d\x05\x00\x00\xb1\xc3'
[0, 0, 4, 0]
[0, 1, 4, 0, 0.0, 900.1, 0.1, 0, '10 10 00 ']
[0, 0, 5, 0]
[0, 1, 5, 0, 0.0, 900.1, 0.2, 0, '10 10 00 ']
[0, 0, 6, 0]
[0, 1, 6, 0, 0.0, 16.5, 0.30000000000000004, 0, '10 00 00 ']
[0, 0, 7, 0]
[0, 1, 7, 0, 0.0, 20.6, 0.4, 0, '10 00 00 ']
[0, 0, 8, 0]
[0, 1, 8, 0, 0.0, 17.6, 0.5, 0, '10 00 00 ']
[0, 0, 9, 0]
[0, 1, 9, 0, 0.0, 19.3, 0.6000000000000001, 0, '10 00 00 ']
b'\x14\x03\x00\x00\x00\x02\xc6\xce\x14\x03\x04d\x05\x00\x00\xb1\xc3'
[0, 0, 3, 80]
[0, 1, 3, 80, 30.0, 18.2, -0.1, 0, '10 00 00 ']
[0, 0, 4, 0]
[0, 1, 4, 0, 0.0, 900.1, 0.1, 0, '10 10 00 ']
[0, 0, 5, 0]
[0, 1, 5, 0, 0.0, 900.1, 0.2, 0, '10 10 00 ']
[0, 0, 6, 0]
[0, 1, 6, 0, 0.0, 16.5, 0.30000000000000004, 0, '10 00 00 ']
[0, 0, 7, 0]
[0, 1, 7, 0, 0.0, 20.6, 0.4, 0, '10 00 00 ']
[0, 0, 8, 0]
[0, 1, 8, 0, 0.0, 17.6, 0.5, 0, '10 00 00 ']
[0, 0, 9, 0]
[0, 1, 9, 0, 0.0, 19.3, 0.6000000000000001, 0, '10 00 00 ']
[0, 0, 13, 27]
[0, 1, 13, 27, 0.2, 18.0, -0.1, 0, '10 00 00 ']
b'\x14\x03\x00\x00\x00\x02\xc6\xce\x14\x03\x04d\x05\x00\x00\xb1\xc3'
[0, 0, 3, 81]
[0, 1, 3, 81, 5.0, 18.3, -0.1, 0, '10 00 00 ']
[0, 0, 4, 0]
[0, 1, 4, 0, 0.0, 900.1, 0.1, 0, '10 10 00 ']
[0, 0, 5, 0]
[0, 1, 5, 0, 0.0, 900.1, 0.2, 0, '10 10 00 ']
[0, 0, 6, 0]
[0, 1, 6, 0, 0.0, 16.5, 0.30000000000000004, 0, '10 00 00 ']
[0, 0, 7, 0]
[0, 1, 7, 0, 0.0, 20.6, 0.4, 0, '10 00 00 ']
[0, 0, 8, 0]
[0, 1, 8, 0, 0.0, 17.6, 0.5, 0, '10 00 00 ']
[0, 0, 9, 0]
[0, 1, 9, 0, 0.0, 19.3, 0.6000000000000001, 0, '10 00 00 ']
[0, 0, 13, 46]
[0, 1, 13, 46, 0.7000000000000001, 18.0, -0.1, 0, '10 00 00 ']
b'\x14\x03\x00\x00\x00\x02\xc6\xce\x14\x03\x04d\x05\x00\x00\xb1\xc3'
[0, 0, 3, 82]
[0, 1, 3, 82, 40.0, 18.3, -0.1, 0, '10 00 00 ']
[0, 0, 4, 0]
[0, 1, 4, 0, 0.0, 900.1, 0.1, 0, '10 10 00 ']
[0, 0, 5, 0]
[0, 1, 5, 0, 0.0, 900.1, 0.2, 0, '10 10 00 ']
[0, 0, 6, 0]
[0, 1, 6, 0, 0.0, 16.5, 0.30000000000000004, 0, '10 00 00 ']
