[0, 0, 1, 1]
[0, 1, 1, 1, 3200.0, 19.3, 1.2000000000000002, 0, '10 00 00 ']
[0, 0, 1, 1]
[0, 1, 1, 1, 3200.0, 19.3, 1.2000000000000002, 0, '10 00 00 ']
[0, 0, 1, 1]
[0, 1, 1, 1, 3200.0, 19.3, 1.2000000000000002, 0, '10 00 00 ']
[0, 0, 1, 1]
[0, 1, 1, 1, 3200.0, 19.3, 1.2000000000000002, 0, '10 00 00 ']
[0, 0, 1, 1]
[0, 1, 1, 1, 3200.0, 19.3, 1.2000000000000002, 0, '10 00 00 ']
[0, 0, 1, 1]
[0, 1, 1, 1, 3200.0, 19.400000000000002, 1.1, 0, '10 00 00 ']
[0, 0, 1, 1]
[0, 1, 1, 1, 3200.0, 19.400000000000002, 1.1, 0, '10 00 00 ']
[0, 0, 1, 1]
[0, 1, 1, 1, 3200.0, 19.400000000000002, 1.1, 0, '10 00 00 ']
[0, 0, 1, 1]
[0, 1, 1, 1, 3200.0, 19.3, 1.1, 0, '10 00 00 ']
[0, 0, 1, 1]
[0, 1, 1, 1, 3200.0, 19.3, 1.1, 0, '10 00 00 ']
[0, 0, 1, 1]
[0, 1, 1, 1, 3200.0, 19.3, 1.1, 0, '10 00 00 ']
[0, 0, 1, 1]
[0, 1, 1, 1, 3200.0, 19.3, 1.1, 0, '10 00 00 ']
[0, 0, 1, 1]
[0, 1, 1, 1, 3200.0, 19.3, 1.1, 0, '10 00 00 ']
[0, 0, 1, 1]
[0, 1, 1, 1, 3200.0, 19.3, 1.1, 0, '10 00 00 ']
[0, 0, 1, 1]
[0, 1, 1, 1, 3200.0, 19.3, 1.1, 0, '10 00 00 ']
[0, 0, 1, 1]
[0, 1, 1, 1, 3200.0, 19.3, 1.0, 0, '10 00 00 ']
[0, 0, 1, 1]
[0, 1, 1, 1, 3200.0, 19.3, 1.0, 0, '10 00 00 ']
[0, 0, 1, 1]
[0, 1, 1, 1, 3200.0, 19.3, 1.0, 0, '10 00 00 ']
[0, 0, 1, 1]
[0, 1, 1, 1, 3200.0, 19.3, 1.0, 0, '10 00 00 ']
[0, 0, 1, 1]
[0, 1, 1, 1, 3200.0, 19.3, 1.0, 0, '10 00 00 ']
[0, 0, 1, 1]
[0, 1, 1, 1, 3200.0, 19.3, 1.0, 0, '10 00 00 ']
[0, 0, 1, 1]
[0, 1, 1, 1, 3200.0, 19.3, 1.0, 0, '10 00 00 ']
[0, 0, 1, 1]
[0, 1, 1, 1, 3200.0, 19.3, 1.0, 0, '10 00 00 ']
[0, 0, 1, 1]
[0, 1, 1, 1, 3200.0, 19.3, 1.0, 0, '10 00 00 ']
[0, 0, 1, 1]
[0, 1, 1, 1, 3200.0, 19.3, 1.0, 0, '10 00 00 ']
[0, 0, 1, 1]
[0, 1, 1, 1, 3200.0, 19.200000000000003, 1.0, 0, '10 00 00 ']
[0, 0, 1, 1]
[0, 1, 1, 1, 3200.0, 19.200000000000003, 1.0, 0, '10 00 00 ']
[0, 0, 1, 1]
[0, 1, 1, 1, 3200.0, 19.200000000000003, 0.9, 0, '10 00 00 ']
[0, 0, 1, 1]
[0, 1, 1, 1, 3200.0, 19.1, 0.9, 0, '10 00 00 ']
[0, 0, 1, 1]
[0, 1, 1, 1, 3200.0, 19.1, 0.9, 0, '10 00 00 ']
[0, 0, 1, 1]
[0, 1, 1, 1, 3200.0, 19.200000000000003, 0.9, 0, '10 00 00 ']
[0, 0, 1, 1]
[0, 1, 1, 1, 3200.0, 19.200000000000003, 0.9, 0, '10 00 00 ']
[0, 0, 1, 1]
[0, 1, 1, 1, 3200.0, 19.200000000000003, 0.9, 0, '10 00 00 ']
[0, 0, 1, 1]
[0, 1, 1, 1, 3200.0, 19.200000000000003, 0.9, 0, '10 00 00 ']
[0, 0, 1, 1]
[0, 1, 1, 1, 3200.0, 19.200000000000003, 0.9, 0, '10 00 00 ']
[0, 0, 1, 1]
[0, 1, 1, 1, 3200.0, 19.3, 0.9, 0, '10 00 00 ']
[0, 0, 1, 1]
[0, 1, 1, 1, 3200.0, 19.3, 0.8, 0, '10 00 00 ']
[0, 0, 1, 1]
[0, 1, 1, 1, 3200.0, 19.3, 0.8, 0, '10 00 00 ']
[0, 0, 1, 1]
[0, 1, 1, 1, 3200.0, 19.3, 0.8, 0, '10 00 00 ']
[0, 0, 1, 1]
[0, 1, 1, 1, 3200.0, 19.200000000000003, 0.8, 0, '10 00 00 ']
[0, 0, 1, 1]
[0, 1, 1, 1, 3200.0, 19.1, 0.2, 0, '10 00 00 ']
[0, 0, 1, 1]
[0, 1, 1, 1, 3200.0, 19.1, 0.2, 0, '10 00 00 ']
[0, 0, 1, 1]
[0, 1, 1, 1, 3200.0, 19.0, 0.2, 0, '10 00 00 ']
[0, 0, 1, 1]
[0, 1, 1, 1, 3200.0, 19.0, 0.1, 0, '10 00 00 ']
[0, 0, 1, 1]
[0, 1, 1, 1, 3200.0, 19.0, 0.1, 0, '10 00 00 ']
[0, 0, 1, 1]
[0, 1, 1, 1, 3200.0, 19.1, 0.1, 0, '10 00 00 ']
[0, 0, 1, 1]
[0, 1, 1, 1, 3200.0, 19.1, 0.1, 0, '10 00 00 ']
[0, 0, 1, 1]
[0, 1, 1, 1, 3200.0, 19.1, 0.1, 0, '10 00 00 ']
[0, 0, 1, 1]
[0, 1, 1, 1, 3200.0, 19.1, 0.1, 0, '10 00 00 ']
[0, 0, 1, 1]
[0, 1, 1, 1, 3200.0, 19.1, 0.1, 0, '10 00 00 ']
[0, 0, 1, 1]
[0, 1, 1, 1, 3200.0, 19.200000000000003, 0.1, 0, '10 00 00 ']
[0, 0, 1, 1]
[0, 1, 1, 1, 3200.0, 19.200000000000003, 0.1, 0, '10 00 00 ']
[0, 0, 1, 1]
[0, 1, 1, 1, 3200.0, 19.200000000000003, 0.1, 0, '10 00 00 ']
[0, 0, 1, 1]
[0, 1, 1, 1, 3200.0, 19.1, 0.0, 0, '10 00 00 ']
[0, 0, 1, 1]
[0, 1, 1, 1, 3200.0, 19.1, 0.0, 0, '10 00 00 ']
[0, 0, 1, 1]
[0, 1, 1, 1, 3200.0, 19.1, 0.0, 0, '10 00 00 ']
[0, 0, 1, 1]
[0, 1, 1, 1, 3200.0, 19.1, 0.0, 0, '10 00 00 ']
[0, 0, 1, 1]
[0, 1, 1, 1, 3200.0, 19.1, -0.1, 0, '10 00 00 ']
[0, 0, 1, 1]
[0, 1, 1, 1, 3200.0, 19.1, -0.1, 0, '10 00 00 ']
[0, 0, 1, 1]
[0, 1, 1, 1, 3200.0, 19.1, -0.1, 0, '10 00 00 ']
[0, 0, 1, 1]
[0, 1, 1, 1, 3200.0, 19.1, -0.1, 0, '10 00 00 ']
[0, 0, 1, 1]
[0, 1, 1, 1, 3200.0, 19.1, -0.1, 0, '10 00 00 ']
[0, 0, 1, 1]
[0, 1, 1, 1, 3200.0, 19.0, -0.1, 0, '10 00 00 ']
[0, 0, 1, 1]
[0, 1, 1, 1, 3200.0, 19.0, -0.1, 0, '10 00 00 ']
[0, 0, 1, 1]
[0, 1, 1, 1, 3200.0, 19.0, -0.1, 0, '10 00 00 ']
[0, 0, 1, 1]
[0, 1, 1, 1, 3200.0, 18.900000000000002, -0.1, 0, '10 00 00 ']
[0, 0, 1, 1]
[0, 1, 1, 1, 3200.0, 18.900000000000002, -0.1, 0, '10 00 00 ']
[0, 0, 1, 1]
[0, 1, 1, 1, 3200.0, 18.900000000000002, -0.1, 0, '10 00 00 ']
[0, 0, 1, 1]
[0, 1, 1, 1, 3200.0, 18.900000000000002, -0.1, 0, '10 00 00 ']
[0, 0, 1, 1]
[0, 1, 1, 1, 3200.0, 18.900000000000002, -0.1, 0, '10 00 00 ']
[0, 0, 1, 1]
[0, 1, 1, 1, 3200.0, 19.0, -0.1, 0, '10 00 00 ']
[0, 0, 1, 1]
[0, 1, 1, 1, 3200.0, 19.0, -0.1, 0, '10 00 00 ']
[0, 0, 1, 1]
[0, 1, 1, 1, 3200.0, 19.0, -0.1, 0, '10 00 00 ']
[0, 0, 1, 1]
[0, 1, 1, 1, 3200.0, 19.0, -0.1, 0, '10 00 00 ']
[0, 0, 1, 1]
[0, 1, 1, 1, 3200.0, 19.0, -0.1, 0, '10 00 00 ']
[0, 0, 1, 1]
[0, 1, 1, 1, 3200.0, 19.0, -0.1, 0, '10 00 00 ']
[0, 0, 1, 1]
[0, 1, 1, 1, 3200.0, 19.0, -0.1, 0, '10 00 00 ']
[0, 0, 1, 1]
[0, 1, 1, 1, 3200.0, 19.0, -0.1, 0, '10 00 00 ']
[0, 0, 1, 1]
[0, 1, 1, 1, 3200.0, 19.0, -0.1, 0, '10 00 00 ']
