[0, 0, 1, 1]
[0, 1, 1, 1, 3200.0, 19.8, 25.700000000000003, 100, '10 00 00 ']
[0, 0, 1, 1]
[0, 1, 1, 1, 3200.0, 19.8, 25.700000000000003, 100, '10 00 00 ']
[0, 0, 1, 1]
[0, 1, 1, 1, 3200.0, 19.8, 25.700000000000003, 100, '10 00 00 ']
[0, 0, 1, 1]
[0, 1, 1, 1, 3200.0, 19.8, 25.700000000000003, 100, '10 00 00 ']
[0, 0, 1, 1]
[0, 1, 1, 1, 3200.0, 19.8, 25.700000000000003, 100, '10 00 00 ']
[0, 0, 1, 1]
[0, 1, 1, 1, 3200.0, 19.8, 25.700000000000003, 100, '10 00 00 ']
[0, 0, 1, 1]
[0, 1, 1, 1, 3200.0, 19.8, 25.700000000000003, 100, '10 00 00 ']
[0, 0, 1, 1]
[0, 1, 1, 1, 3200.0, 19.8, 25.700000000000003, 100, '10 00 00 ']
[0, 0, 1, 1]
[0, 1, 1, 1, 3200.0, 19.8, 25.700000000000003, 100, '10 00 00 ']
[0, 0, 1, 1]
[0, 1, 1, 1, 3200.0, 19.8, 25.700000000000003, 100, '10 00 00 ']
[0, 0, 1, 1]
[0, 1, 1, 1, 3200.0, 19.8, 25.700000000000003, 100, '10 00 00 ']
[0, 0, 1, 1]
[0, 1, 1, 1, 3200.0, 19.8, 25.700000000000003, 100, '10 00 00 ']
[0, 0, 1, 1]
[0, 1, 1, 1, 3200.0, 19.8, 25.700000000000003, 100, '10 00 00 ']
[0, 0, 1, 1]
[0, 1, 1, 1, 3200.0, 19.8, 25.700000000000003, 100, '10 00 00 ']
[0, 0, 1, 1]
[0, 1, 1, 1, 3200.0, 19.8, 25.700000000000003, 100, '10 00 00 ']
[0, 0, 1, 1]
[0, 1, 1, 1, 3200.0, 19.8, 25.700000000000003, 100, '10 00 00 ']
[0, 0, 1, 1]
[0, 1, 1, 1, 3200.0, 19.8, 25.700000000000003, 100, '10 00 00 ']
[0, 0, 1, 1]
[0, 1, 1, 1, 3200.0, 19.8, 25.700000000000003, 100, '10 00 00 ']
[0, 0, 1, 1]
[0, 1, 1, 1, 3200.0, 19.8, 25.700000000000003, 100, '10 00 00 ']
[0, 0, 1, 1]
[0, 1, 1, 1, 3200.0, 19.8, 25.700000000000003, 100, '10 00 00 ']
[0, 0, 1, 1]
[0, 1, 1, 1, 3200.0, 19.8, 25.700000000000003, 100, '10 00 00 ']
[0, 0, 1, 1]
[0, 1, 1, 1, 3200.0, 19.8, 25.700000000000003, 100, '10 00 00 ']
[0, 0, 1, 1]
[0, 1, 1, 1, 3200.0, 19.8, 25.700000000000003, 100, '10 00 00 ']
[0, 0, 1, 1]
[0, 1, 1, 1, 3200.0, 19.8, 25.700000000000003, 100, '10 00 00 ']
[0, 0, 1, 1]
[0, 1, 1, 1, 3200.0, 19.8, 25.700000000000003, 100, '10 00 00 ']
[0, 0, 1, 1]
[0, 1, 1, 1, 3200.0, 19.8, 25.700000000000003, 100, '10 00 00 ']
[0, 0, 1, 1]
[0, 1, 1, 1, 3200.0, 19.8, 25.700000000000003, 100, '10 00 00 ']
[0, 0, 1, 1]
[0, 1, 1, 1, 3200.0, 19.900000000000002, 25.700000000000003, 100, '10 00 00 ']
[0, 0, 1, 1]
[0, 1, 1, 1, 3200.0, 19.900000000000002, 25.700000000000003, 100, '10 00 00 ']
[0, 0, 1, 1]
[0, 1, 1, 1, 3200.0, 19.900000000000002, 25.700000000000003, 100, '10 00 00 ']
[0, 0, 1, 1]
[0, 1, 1, 1, 3200.0, 19.900000000000002, 25.700000000000003, 100, '10 00 00 ']
[0, 0, 1, 1]
[0, 1, 1, 1, 3200.0, 19.900000000000002, 25.700000000000003, 100, '10 00 00 ']
[0, 0, 1, 1]
[0, 1, 1, 1, 3200.0, 19.900000000000002, 25.700000000000003, 100, '10 00 00 ']
[0, 0, 1, 1]
[0, 1, 1, 1, 3200.0, 19.900000000000002, 25.700000000000003, 100, '10 00 00 ']
[0, 0, 1, 1]
[0, 1, 1, 1, 3200.0, 19.900000000000002, 25.700000000000003, 100, '10 00 00 ']
[0, 0, 1, 1]
[0, 1, 1, 1, 3200.0, 19.900000000000002, 25.700000000000003, 100, '10 00 00 ']
[0, 0, 1, 1]
[0, 1, 1, 1, 3200.0, 19.900000000000002, 25.700000000000003, 100, '10 00 00 ']
[0, 0, 1, 1]
[0, 1, 1, 1, 3200.0, 19.900000000000002, 25.700000000000003, 100, '10 00 00 ']
[0, 0, 1, 1]
[0, 1, 1, 1, 3200.0, 19.900000000000002, 25.700000000000003, 100, '10 00 00 ']
[0, 0, 1, 1]
[0, 1, 1, 1, 3200.0, 19.900000000000002, 25.700000000000003, 100, '10 00 00 ']
[0, 0, 1, 1]
[0, 1, 1, 1, 3200.0, 19.6, 24.1, 100, '10 00 00 ']
[0, 0, 1, 1]
[0, 1, 1, 1, 3200.0, 19.6, 24.1, 100, '10 00 00 ']
[0, 0, 1, 1]
[0, 1, 1, 1, 3200.0, 19.6, 24.1, 100, '10 00 00 ']
[0, 0, 1, 1]
[0, 1, 1, 1, 3200.0, 19.6, 24.1, 100, '10 00 00 ']
[0, 0, 1, 1]
[0, 1, 1, 1, 3200.0, 19.6, 24.1, 100, '10 00 00 ']
[0, 0, 1, 1]
[0, 1, 1, 1, 3200.0, 19.6, 24.1, 100, '10 00 00 ']
[0, 0, 1, 1]
[0, 1, 1, 1, 3200.0, 19.6, 24.1, 100, '10 00 00 ']
[0, 0, 1, 1]
[0, 1, 1, 1, 3200.0, 19.6, 24.1, 100, '10 00 00 ']
[0, 0, 1, 1]
[0, 1, 1, 1, 3200.0, 19.6, 24.1, 100, '10 00 00 ']
[0, 0, 1, 1]
[0, 1, 1, 1, 3200.0, 19.6, 24.1, 100, '10 00 00 ']
[0, 0, 1, 1]
[0, 1, 1, 1, 3200.0, 19.6, 24.1, 100, '10 00 00 ']
[0, 0, 1, 1]
[0, 1, 1, 1, 3200.0, 19.6, 24.1, 100, '10 00 00 ']
[0, 0, 1, 1]
[0, 1, 1, 1, 3200.0, 19.6, 24.1, 100, '10 00 00 ']
[0, 0, 1, 1]
[0, 1, 1, 1, 3200.0, 19.6, 24.1, 100, '10 00 00 ']
[0, 0, 1, 1]
[0, 1, 1, 1, 3200.0, 19.6, 24.1, 100, '10 00 00 ']
[0, 0, 1, 1]
[0, 1, 1, 1, 3200.0, 19.6, 24.1, 100, '10 00 00 ']
[0, 0, 1, 1]
[0, 1, 1, 1, 3200.0, 19.6, 24.1, 100, '10 00 00 ']
[0, 0, 1, 1]
[0, 1, 1, 1, 3200.0, 19.6, 24.1, 100, '10 00 00 ']
[0, 0, 1, 1]
[0, 1, 1, 1, 3200.0, 19.6, 24.1, 100, '10 00 00 ']
[0, 0, 1, 1]
[0, 1, 1, 1, 3200.0, 19.6, 24.1, 100, '10 00 00 ']
[0, 0, 1, 1]
[0, 1, 1, 1, 3200.0, 19.6, 24.1, 100, '10 00 00 ']
[0, 0, 1, 1]
[0, 1, 1, 1, 3200.0, 19.6, 24.1, 100, '10 00 00 ']
[0, 0, 1, 1]
[0, 1, 1, 1, 3200.0, 19.6, 24.1, 100, '10 00 00 ']
[0, 0, 1, 1]
[0, 1, 1, 1, 3200.0, 19.6, 24.1, 100, '10 00 00 ']
[0, 0, 1, 1]
[0, 1, 1, 1, 3200.0, 19.6, 24.1, 100, '10 00 00 ']
[0, 0, 1, 1]
[0, 1, 1, 1, 3200.0, 19.6, 24.1, 100, '10 00 00 ']
[0, 0, 1, 1]
[0, 1, 1, 1, 3200.0, 19.6, 24.1, 100, '10 00 00 ']
[0, 0, 1, 1]
[0, 1, 1, 1, 3200.0, 19.6, 24.1, 100, '10 00 00 ']
[0, 0, 1, 1]
[0, 1, 1, 1, 3200.0, 19.6, 24.1, 100, '10 00 00 ']
[0, 0, 1, 1]
[0, 1, 1, 1, 3200.0, 19.6, 24.1, 100, '10 00 00 ']
[0, 0, 1, 1]
[0, 1, 1, 1, 3200.0, 19.6, 24.1, 100, '10 00 00 ']
[0, 0, 1, 1]
[0, 1, 1, 1, 3200.0, 19.6, 24.1, 100, '10 00 00 ']
[0, 0, 1, 1]
[0, 1, 1, 1, 3200.0, 19.6, 24.1, 100, '10 00 00 ']
[0, 0, 1, 1]
[0, 1, 1, 1, 3200.0, 19.6, 24.1, 100, '10 00 00 ']
[0, 0, 1, 1]
[0, 1, 1, 1, 3200.0, 19.6, 24.1, 100, '10 00 00 ']
[0, 0, 1, 1]
[0, 1, 1, 1, 3200.0, 19.6, 24.1, 100, '10 00 00 ']
[0, 0, 1, 1]
[0, 1, 1, 1, 3200.0, 19.6, 24.1, 100, '10 00 00 ']
[0, 0, 1, 1]
[0, 1, 1, 1, 3200.0, 19.6, 24.1, 100, '10 00 00 ']
[0, 0, 1, 1]
[0, 1, 1, 1, 3200.0, 19.6, 24.1, 100, '10 00 00 ']
