[0, 0, 3, 0]
[0, 1, 3, 0, 3.0, -59.5, 3.0, 0, '11 00 00 ']
[0, 0, 4, 0]
[0, 1, 4, 0, 0.0, 900.1, 0.1, 0, '10 10 00 ']
[0, 0, 5, 0]
[0, 1, 5, 0, 0.0, 900.1, 0.2, 0, '10 10 00 ']
[0, 0, 6, 0]
[0, 1, 6, 0, 0.0, 900.1, 0.30000000000000004, 0, '10 10 00 ']
[0, 0, 7, 0]
[0, 1, 7, 0, 0.0, 900.1, 0.4, 0, '10 10 00 ']
[0, 0, 8, 0]
[0, 1, 8, 0, 0.0, 900.1, 0.5, 0, '10 10 00 ']
[0, 0, 9, 0]
[0, 1, 9, 0, 0.0, 900.1, 0.6000000000000001, 0, '10 10 00 ']
[0, 0, 13, 0]
[0, 1, 13, 0, 3.0, 858.9000000000001, 3.0, 0, '11 10 00 ']
[1, 0, 20, 0, 1]
[1, 0, 20, 0, 1]
[1, 0, 20, 0, 1]
[1, 0, 20, 0, 2]
[1, 0, 20, 0, 2]
[1, 0, 20, 0, 2]
[0, 2, 13, 46, 0.0]
[0, 3, 13, 46, 0.1, 858.9000000000001, 3.0, 0, '11 10 00 ']
[0, 2, 13, 27, 0.0]
[0, 3, 13, 27, 0.0, 858.9000000000001, 3.0, 0, '11 10 00 ']
[0, 2, 13, 80, 0.0]
[0, 3, 13, 80, 0.0, 858.9000000000001, 3.0, 0, '11 10 00 ']
[0, 2, 13, 82, 0.0]
[0, 3, 13, 82, 0.0, 858.9000000000001, 0.0, 0, '11 10 00 ']
[0, 2, 13, 84, 0.0]
[0, 3, 13, 84, 0.0, 858.9000000000001, 0.0, 0, '11 10 00 ']
[0, 2, 13, 86, 0.0]
[0, 3, 13, 86, 0.0, 858.9000000000001, 0.0, 0, '11 10 00 ']
[0, 2, 13, 88, 0.0]
[0, 3, 13, 88, 0.0, 858.9000000000001, 0.0, 0, '11 10 00 ']
[0, 2, 13, 81, 0.0]
[0, 3, 13, 81, 0.0, 858.9000000000001, 0.0, 0, '11 10 00 ']
[0, 2, 13, 83, 0.0]
[0, 3, 13, 83, 0.0, 858.9000000000001, 0.0, 0, '11 10 00 ']
[0, 2, 13, 85, 0.0]
[0, 3, 13, 85, 0.0, 858.9000000000001, 0.0, 0, '11 10 00 ']
[0, 2, 13, 87, 0.0]
[0, 3, 13, 87, 0.0, 858.9000000000001, 0.0, 0, '11 10 00 ']
[0, 2, 13, 89, 0.0]
[0, 3, 13, 89, 0.0, 858.9000000000001, 0.0, 0, '11 10 00 ']
[0, 0, 4, 0]
[0, 1, 4, 0, 0.0, 900.1, 0.1, 0, '10 10 00 ']
[0, 0, 5, 0]
[0, 1, 5, 0, 0.0, 900.1, 0.2, 0, '10 10 00 ']
[0, 0, 6, 0]
[0, 1, 6, 0, 0.0, 900.1, 0.30000000000000004, 0, '10 10 00 ']
[0, 0, 7, 0]
[0, 1, 7, 0, 0.0, 900.1, 0.4, 0, '10 10 00 ']
[0, 0, 8, 0]
[0, 1, 8, 0, 0.0, 900.1, 0.5, 0, '10 10 00 ']
[0, 0, 9, 0]
[0, 1, 9, 0, 0.0, 900.1, 0.6000000000000001, 0, '10 10 00 ']
[1, 0, 20, 0, 2]
[1, 0, 20, 0, 2]
[1, 0, 20, 0, 2]
[0, 0, 4, 0]
[0, 1, 4, 0, 0.0, 900.1, 0.1, 0, '10 10 00 ']
[0, 0, 5, 0]
[0, 1, 5, 0, 0.0, 900.1, 0.2, 0, '10 10 00 ']
[0, 0, 6, 0]
[0, 1, 6, 0, 0.0, 900.1, 0.30000000000000004, 0, '10 10 00 ']
[0, 0, 7, 0]
[0, 1, 7, 0, 0.0, 900.1, 0.4, 0, '10 10 00 ']
[0, 0, 8, 0]
[0, 1, 8, 0, 0.0, 900.1, 0.5, 0, '10 10 00 ']
[0, 0, 9, 0]
[0, 1, 9, 0, 0.0, 900.1, 0.6000000000000001, 0, '10 10 00 ']
[1, 0, 20, 0, 2]
[1, 0, 20, 0, 2]
[1, 0, 20, 0, 2]
[0, 0, 4, 0]
[0, 1, 4, 0, 0.0, 900.1, 0.1, 0, '10 10 00 ']
[0, 0, 5, 0]
[0, 1, 5, 0, 0.0, 900.1, 0.2, 0, '10 10 00 ']
[0, 0, 6, 0]
[0, 1, 6, 0, 0.0, 900.1, 0.30000000000000004, 0, '10 10 00 ']
[0, 0, 7, 0]
[0, 1, 7, 0, 0.0, 900.1, 0.4, 0, '10 10 00 ']
[0, 0, 8, 0]
[0, 1, 8, 0, 0.0, 900.1, 0.5, 0, '10 10 00 ']
[0, 0, 9, 0]
[0, 1, 9, 0, 0.0, 900.1, 0.6000000000000001, 0, '10 10 00 ']
[1, 0, 20, 0, 2]
[1, 0, 20, 0, 2]
[1, 0, 20, 0, 2]
[0, 0, 3, 27]
[0, 1, 3, 27, 0.1, -59.5, 3.0, 0, '11 00 00 ']
[0, 0, 4, 0]
[0, 1, 4, 0, 0.0, 900.1, 0.1, 0, '10 10 00 ']
[0, 0, 5, 0]
[0, 1, 5, 0, 0.0, 900.1, 0.2, 0, '10 10 00 ']
[0, 0, 6, 0]
[0, 1, 6, 0, 0.0, 900.1, 0.30000000000000004, 0, '10 10 00 ']
[0, 0, 7, 0]
[0, 1, 7, 0, 0.0, 900.1, 0.4, 0, '10 10 00 ']
[0, 0, 8, 0]
[0, 1, 8, 0, 0.0, 900.1, 0.5, 0, '10 10 00 ']
[0, 0, 9, 0]
[0, 1, 9, 0, 0.0, 900.1, 0.6000000000000001, 0, '10 10 00 ']
[0, 0, 13, 27]
[0, 1, 13, 27, 0.2, 858.9000000000001, 0.0, 0, '11 10 00 ']
[1, 0, 20, 0, 2]
[1, 0, 20, 0, 2]
[1, 0, 20, 0, 2]
[0, 2, 13, 27, 0.1]
[0, 3, 13, 27, 0.1, 858.9000000000001, 0.0, 0, '11 10 00 ']
[0, 0, 3, 46]
[0, 1, 3, 46, 0.1, -59.5, 3.0, 0, '11 00 00 ']
[0, 0, 4, 0]
[0, 1, 4, 0, 0.0, 900.1, 0.1, 0, '10 10 00 ']
[0, 0, 5, 0]
[0, 1, 5, 0, 0.0, 900.1, 0.2, 0, '10 10 00 ']
[0, 0, 6, 0]
[0, 1, 6, 0, 0.0, 900.1, 0.30000000000000004, 0, '10 10 00 ']
[0, 0, 7, 0]
[0, 1, 7, 0, 0.0, 900.1, 0.4, 0, '10 10 00 ']
[0, 0, 8, 0]
[0, 1, 8, 0, 0.0, 900.1, 0.5, 0, '10 10 00 ']
[0, 0, 9, 0]
[0, 1, 9, 0, 0.0, 900.1, 0.6000000000000001, 0, '10 10 00 ']
[0, 0, 13, 46]
[0, 1, 13, 46, 0.1, 858.9000000000001, 0.0, 0, '11 10 00 ']
[1, 0, 20, 0, 2]
[1, 0, 20, 0, 2]
[1, 0, 20, 0, 2]
[0, 2, 13, 46, 0.1]
[0, 3, 13, 46, 0.1, 858.9000000000001, 0.0, 0, '11 10 00 ']
[0, 0, 4, 0]
[0, 1, 4, 0, 0.0, 900.1, 0.1, 0, '10 10 00 ']
[0, 0, 5, 0]
[0, 1, 5, 0, 0.0, 900.1, 0.2, 0, '10 10 00 ']
[0, 0, 6, 0]
[0, 1, 6, 0, 0.0, 900.1, 0.30000000000000004, 0, '10 10 00 ']
[0, 0, 7, 0]
[0, 1, 7, 0, 0.0, 900.1, 0.4, 0, '10 10 00 ']
[0, 0, 8, 0]
[0, 1, 8, 0, 0.0, 900.1, 0.5, 0, '10 10 00 ']
[0, 0, 9, 0]
[0, 1, 9, 0, 0.0, 900.1, 0.6000000000000001, 0, '10 10 00 ']
[1, 0, 20, 0, 2]
[1, 0, 20, 0, 2]
[1, 0, 20, 0, 2]
[0, 0, 3, 80]
[0, 1, 3, 80, 3.0, -59.5, 3.0, 0, '11 00 00 ']
[0, 0, 4, 0]
[0, 1, 4, 0, 0.0, 900.1, 0.1, 0, '10 10 00 ']
[0, 0, 5, 0]
[0, 1, 5, 0, 0.0, 900.1, 0.2, 0, '10 10 00 ']
[0, 0, 6, 0]
[0, 1, 6, 0, 0.0, 900.1, 0.30000000000000004, 0, '10 10 00 ']
[0, 0, 7, 0]
[0, 1, 7, 0, 0.0, 900.1, 0.4, 0, '10 10 00 ']
[0, 0, 8, 0]
[0, 1, 8, 0, 0.0, 900.1, 0.5, 0, '10 10 00 ']
[0, 0, 9, 0]
[0, 1, 9, 0, 0.0, 900.1, 0.6000000000000001, 0, '10 10 00 ']
[0, 0, 13, 80]
[0, 1, 13, 80, 0.0, 858.9000000000001, 0.0, 0, '11 10 00 ']
[1, 0, 20, 0, 2]
[1, 0, 20, 0, 2]
[1, 0, 20, 0, 2]
[0, 2, 13, 80, 3.0]
[0, 3, 13, 80, 3.0, 858.9000000000001, 0.0, 0, '11 10 00 ']
[0, 0, 3, 81]
[0, 1, 3, 81, 33.0, -59.5, 3.0, 0, '11 00 00 ']
[0, 0, 4, 0]
[0, 1, 4, 0, 0.0, 900.1, 0.1, 0, '10 10 00 ']
[0, 0, 5, 0]
[0, 1, 5, 0, 0.0, 900.1, 0.2, 0, '10 10 00 ']
[0, 0, 6, 0]
[0, 1, 6, 0, 0.0, 900.1, 0.30000000000000004, 0, '10 10 00 ']
[0, 0, 7, 0]
[0, 1, 7, 0, 0.0, 900.1, 0.4, 0, '10 10 00 ']
[0, 0, 8, 0]
[0, 1, 8, 0, 0.0, 900.1, 0.5, 0, '10 10 00 ']
[0, 0, 9, 0]
[0, 1, 9, 0, 0.0, 900.1, 0.6000000000000001, 0, '10 10 00 ']
[0, 0, 13, 81]
[0, 1, 13, 81, 0.0, 858.9000000000001, 3.0, 0, '11 10 00 ']
[1, 0, 20, 0, 2]
[1, 0, 20, 0, 2]
[1, 0, 20, 0, 2]
[0, 2, 13, 81, 33.0]
[0, 3, 13, 81, 33.0, 858.9000000000001, 3.0, 0, '11 10 00 ']
[0, 0, 3, 82]
[0, 1, 3, 82, -22.0, -59.5, 3.0, 0, '11 00 00 ']
[0, 0, 4, 0]
[0, 1, 4, 0, 0.0, 900.1, 0.1, 0, '10 10 00 ']
[0, 0, 5, 0]
[0, 1, 5, 0, 0.0, 900.1, 0.2, 0, '10 10 00 ']
[0, 0, 6, 0]
[0, 1, 6, 0, 0.0, 900.1, 0.30000000000000004, 0, '10 10 00 ']
[0, 0, 7, 0]
[0, 1, 7, 0, 0.0, 900.1, 0.4, 0, '10 10 00 ']
[0, 0, 8, 0]
[0, 1, 8, 0, 0.0, 900.1, 0.5, 0, '10 10 00 ']
[0, 0, 9, 0]
[0, 1, 9, 0, 0.0, 900.1, 0.6000000000000001, 0, '10 10 00 ']
[0, 0, 13, 82]
[0, 1, 13, 82, 0.0, 858.9000000000001, 3.0, 0, '11 10 00 ']
[1, 0, 20, 0, 2]
[1, 0, 20, 0, 2]
[1, 0, 20, 0, 2]
[0, 2, 13, 82, -22.0]
[0, 3, 13, 82, -22.0, 858.9000000000001, 3.0, 0, '11 10 00 ']
[0, 0, 3, 83]
[0, 1, 3, 83, 33.0, -59.5, 3.0, 0, '11 00 00 ']
[0, 0, 4, 0]
[0, 1, 4, 0, 0.0, 900.1, 0.1, 0, '10 10 00 ']
[0, 0, 5, 0]
[0, 1, 5, 0, 0.0, 900.1, 0.2, 0, '10 10 00 ']
[0, 0, 6, 0]
[0, 1, 6, 0, 0.0, 900.1, 0.30000000000000004, 0, '10 10 00 ']
[0, 0, 7, 0]
[0, 1, 7, 0, 0.0, 900.1, 0.4, 0, '10 10 00 ']
[0, 0, 8, 0]
[0, 1, 8, 0, 0.0, 900.1, 0.5, 0, '10 10 00 ']
[0, 0, 9, 0]
[0, 1, 9, 0, 0.0, 900.1, 0.6000000000000001, 0, '10 10 00 ']
[0, 0, 13, 83]
[0, 1, 13, 83, 0.0, 858.9000000000001, 3.0, 0, '11 10 00 ']
[1, 0, 20, 0, 2]
[1, 0, 20, 0, 2]
[1, 0, 20, 0, 2]
[0, 2, 13, 83, 33.0]
[0, 3, 13, 83, 33.0, 858.9000000000001, 3.0, 0, '11 10 00 ']
[0, 0, 3, 84]
[0, 1, 3, 84, 0.0, -59.5, 3.0, 0, '11 00 00 ']
[0, 0, 4, 0]
[0, 1, 4, 0, 0.0, 900.1, 0.1, 0, '10 10 00 ']
[0, 0, 5, 0]
[0, 1, 5, 0, 0.0, 900.1, 0.2, 0, '10 10 00 ']
[0, 0, 6, 0]
[0, 1, 6, 0, 0.0, 900.1, 0.30000000000000004, 0, '10 10 00 ']
[0, 0, 7, 0]
[0, 1, 7, 0, 0.0, 900.1, 0.4, 0, '10 10 00 ']
[0, 0, 8, 0]
[0, 1, 8, 0, 0.0, 900.1, 0.5, 0, '10 10 00 ']
[0, 0, 9, 0]
[0, 1, 9, 0, 0.0, 900.1, 0.6000000000000001, 0, '10 10 00 ']
[0, 0, 13, 84]
[0, 1, 13, 84, 0.0, 858.9000000000001, 3.0, 0, '11 10 00 ']
[1, 0, 20, 0, 2]
[1, 0, 20, 0, 2]
[1, 0, 20, 0, 2]
[0, 0, 3, 85]
[0, 1, 3, 85, 0.0, -59.400000000000006, 3.0, 0, '11 00 00 ']
[0, 0, 4, 0]
[0, 1, 4, 0, 0.0, 900.1, 0.1, 0, '10 10 00 ']
[0, 0, 5, 0]
[0, 1, 5, 0, 0.0, 900.1, 0.2, 0, '10 10 00 ']
[0, 0, 6, 0]
[0, 1, 6, 0, 0.0, 900.1, 0.30000000000000004, 0, '10 10 00 ']
[0, 0, 7, 0]
[0, 1, 7, 0, 0.0, 900.1, 0.4, 0, '10 10 00 ']
[0, 0, 8, 0]
[0, 1, 8, 0, 0.0, 900.1, 0.5, 0, '10 10 00 ']
[0, 0, 9, 0]
[0, 1, 9, 0, 0.0, 900.1, 0.6000000000000001, 0, '10 10 00 ']
[0, 0, 13, 85]
[0, 1, 13, 85, 0.0, 858.9000000000001, 3.0, 0, '11 10 00 ']
[1, 0, 20, 0, 2]
[1, 0, 20, 0, 2]
[1, 0, 20, 0, 2]
[0, 0, 3, 86]
[0, 1, 3, 86, 0.0, -59.5, 3.0, 0, '11 00 00 ']
[0, 0, 4, 0]
[0, 1, 4, 0, 0.0, 900.1, 0.1, 0, '10 10 00 ']
[0, 0, 5, 0]
[0, 1, 5, 0, 0.0, 900.1, 0.2, 0, '10 10 00 ']
[0, 0, 6, 0]
[0, 1, 6, 0, 0.0, 900.1, 0.30000000000000004, 0, '10 10 00 ']
[0, 0, 7, 0]
[0, 1, 7, 0, 0.0, 900.1, 0.4, 0, '10 10 00 ']
[0, 0, 8, 0]
[0, 1, 8, 0, 0.0, 900.1, 0.5, 0, '10 10 00 ']
[0, 0, 9, 0]
[0, 1, 9, 0, 0.0, 900.1, 0.6000000000000001, 0, '10 10 00 ']
[0, 0, 13, 86]
[0, 1, 13, 86, 0.0, 858.9000000000001, 3.0, 0, '11 10 00 ']
[1, 0, 20, 0, 2]
[1, 0, 20, 0, 2]
[1, 0, 20, 0, 2]
[0, 0, 3, 87]
[0, 1, 3, 87, 0.0, -59.5, 3.0, 0, '11 00 00 ']
[0, 0, 4, 0]
[0, 1, 4, 0, 0.0, 900.1, 0.1, 0, '10 10 00 ']
[0, 0, 5, 0]
[0, 1, 5, 0, 0.0, 900.1, 0.2, 0, '10 10 00 ']
[0, 0, 6, 0]
[0, 1, 6, 0, 0.0, 900.1, 0.30000000000000004, 0, '10 10 00 ']
[0, 0, 7, 0]
[0, 1, 7, 0, 0.0, 900.1, 0.4, 0, '10 10 00 ']
[0, 0, 8, 0]
[0, 1, 8, 0, 0.0, 900.1, 0.5, 0, '10 10 00 ']
[0, 0, 9, 0]
[0, 1, 9, 0, 0.0, 900.1, 0.6000000000000001, 0, '10 10 00 ']
[0, 0, 13, 87]
[0, 1, 13, 87, 0.0, 858.9000000000001, 3.0, 0, '11 10 00 ']
[1, 0, 20, 0, 2]
[1, 0, 20, 0, 2]
[1, 0, 20, 0, 2]
[0, 0, 3, 88]
[0, 1, 3, 88, 0.0, -59.400000000000006, 3.0, 0, '11 00 00 ']
[0, 0, 4, 0]
[0, 1, 4, 0, 0.0, 900.1, 0.1, 0, '10 10 00 ']
[0, 0, 5, 0]
[0, 1, 5, 0, 0.0, 900.1, 0.2, 0, '10 10 00 ']
