[0, 0, 1, 1]
[0, 1, 1, 1, 3200.0, 19.6, 22.400000000000002, 100, '10 00 00 ']
[0, 0, 1, 1]
[0, 1, 1, 1, 3200.0, 19.6, 22.400000000000002, 100, '10 00 00 ']
[0, 0, 1, 1]
[0, 1, 1, 1, 3200.0, 19.6, 22.400000000000002, 100, '10 00 00 ']
[0, 0, 1, 1]
[0, 1, 1, 1, 3200.0, 19.6, 22.400000000000002, 100, '10 00 00 ']
[0, 0, 1, 1]
[0, 1, 1, 1, 3200.0, 19.5, 22.400000000000002, 100, '10 00 00 ']
[0, 0, 1, 1]
[0, 1, 1, 1, 3200.0, 19.5, 22.400000000000002, 100, '10 00 00 ']
[0, 0, 1, 1]
[0, 1, 1, 1, 3200.0, 19.5, 22.400000000000002, 100, '10 00 00 ']
[0, 0, 1, 1]
[0, 1, 1, 1, 3200.0, 19.5, 22.400000000000002, 100, '10 00 00 ']
[0, 0, 1, 1]
[0, 1, 1, 1, 3200.0, 19.5, 22.400000000000002, 100, '10 00 00 ']
[0, 0, 1, 1]
[0, 1, 1, 1, 3200.0, 19.6, 22.400000000000002, 99, '10 00 00 ']
[0, 0, 1, 1]
[0, 1, 1, 1, 3200.0, 19.6, 22.400000000000002, 99, '10 00 00 ']
[0, 0, 1, 1]
[0, 1, 1, 1, 3200.0, 19.6, 22.400000000000002, 99, '10 00 00 ']
[0, 0, 1, 1]
[0, 1, 1, 1, 3200.0, 19.6, 22.400000000000002, 99, '10 00 00 ']
[0, 0, 1, 1]
[0, 1, 1, 1, 3200.0, 19.6, 22.3, 99, '10 00 00 ']
[0, 0, 1, 1]
[0, 1, 1, 1, 3200.0, 19.6, 22.3, 99, '10 00 00 ']
[0, 0, 1, 1]
[0, 1, 1, 1, 3200.0, 19.6, 22.3, 99, '10 00 00 ']
[0, 0, 1, 1]
[0, 1, 1, 1, 3200.0, 19.6, 22.3, 99, '10 00 00 ']
[0, 0, 1, 1]
[0, 1, 1, 1, 3200.0, 19.6, 22.3, 99, '10 00 00 ']
[0, 0, 1, 1]
[0, 1, 1, 1, 3200.0, 19.6, 22.3, 99, '10 00 00 ']
[0, 0, 1, 1]
[0, 1, 1, 1, 3200.0, 19.6, 22.3, 99, '10 00 00 ']
[0, 0, 1, 1]
[0, 1, 1, 1, 3200.0, 19.6, 22.3, 99, '10 00 00 ']
[0, 0, 1, 1]
[0, 1, 1, 1, 3200.0, 19.6, 22.3, 99, '10 00 00 ']
[0, 0, 1, 1]
[0, 1, 1, 1, 3200.0, 19.6, 22.3, 99, '10 00 00 ']
[0, 0, 1, 1]
[0, 1, 1, 1, 3200.0, 19.6, 22.3, 99, '10 00 00 ']
[0, 0, 1, 1]
[0, 1, 1, 1, 3200.0, 19.6, 22.3, 99, '10 00 00 ']
[0, 0, 1, 1]
[0, 1, 1, 1, 3200.0, 19.6, 22.3, 99, '10 00 00 ']
[0, 0, 1, 1]
[0, 1, 1, 1, 3200.0, 19.6, 22.3, 99, '10 00 00 ']
[0, 0, 1, 1]
[0, 1, 1, 1, 3200.0, 19.5, 22.3, 99, '10 00 00 ']
[0, 0, 1, 1]
[0, 1, 1, 1, 3200.0, 19.5, 22.3, 99, '10 00 00 ']
[0, 0, 1, 1]
[0, 1, 1, 1, 3200.0, 19.5, 22.3, 100, '10 00 00 ']
[0, 0, 1, 1]
[0, 1, 1, 1, 3200.0, 19.5, 22.3, 100, '10 00 00 ']
[0, 0, 1, 1]
[0, 1, 1, 1, 3200.0, 19.5, 22.3, 100, '10 00 00 ']
[0, 0, 1, 1]
[0, 1, 1, 1, 3200.0, 19.5, 22.3, 100, '10 00 00 ']
[0, 0, 1, 1]
[0, 1, 1, 1, 3200.0, 19.5, 22.3, 100, '10 00 00 ']
[0, 0, 1, 1]
[0, 1, 1, 1, 3200.0, 19.5, 22.3, 100, '10 00 00 ']
[0, 0, 1, 1]
[0, 1, 1, 1, 3200.0, 19.5, 22.3, 100, '10 00 00 ']
[0, 0, 1, 1]
[0, 1, 1, 1, 3200.0, 19.5, 22.3, 100, '10 00 00 ']
[0, 0, 1, 1]
[0, 1, 1, 1, 3200.0, 19.5, 22.3, 100, '10 00 00 ']
[0, 0, 1, 1]
[0, 1, 1, 1, 3200.0, 19.5, 22.3, 100, '10 00 00 ']
