                                                                                                                                                      
                                                                                                                                                      
                                                                                                                                                      
                                                                               77                                                                     
                        79699669998680      76888868898           863       88898889       9888989696                                                 
                          786       686    692      888          8863      89      887     86                                                         
                          796        666   88         80       785897      98      667     8                                                          
                          768       469    69865              98  687      88897  887      88866867                                                   
                          796869868886       68888868        68   697        689866        8931108880                                                 
                          788  4684              7968867    88    967      094   49887             689                                                
                           88    988      78         788   988686688869   89        89              88                                                
                           88     988      86         68          887     88        86    86       468                                                
                          088      7688    86887    4667          688     7667     684    6687    696                                                 
                         686868      8888  74 28989895          788967      56986886        8698989                                                   
                                                                                                                                                      
                                                                                                                                                      
                                                7                                                                                                     
      97    77       7  7897           999      9694                5668      889                                7965                                 
      7686  4121657   886988           9687      996    468         8981      864    9697     97    57   9874988898888                                
        888      5987107              888 740405799614776888       898        88677774499     669558988  699                                          
        487  96   78687  997          68               5          286   67    864   7         884   86   98                                           
             898   861   686         887    06444544538665       7989   688551731538696       660   86   88        98                                 
        81   984   68    889        86697              7        49688   887   2    968        690   89   98023598968684                               
    1076899  688777890777868       86298    73771211779684     68 889   982  0887  696        884   68  789    898                                    
        99   887   98    989     787 789                      89  888   891  866   969        885   89  498    698                                    
        88   688244888357888     7   398    407  7    061         886   991  868   668        98935096  686    898                                    
        86   665   667   869         288    69877222776867        689   894  867   868        668   88  687    969                                    
        96   680   687757888         588    698       888         889   94  668180 7          967   7  496     698                                    
     7898667 54    62   864          289    896       898         886      689   6898                 788      689                                    
    6887   888888647710409599647     368    9892966945886         889   7888       5889              862       888                                    
    76       1886688888868888        888    866       888         862 4867           98            766         886                                    
                                     71                                                                                                               
                                                                                                                                                      
                                                                                                                                                      
                                                                                                                                                      
                                                                                                                                                      
                                                                                                                                                      
                                                                                                                                                      
                                                                                                                                                      
                                                                                                                                                      
                                                                                                                                                      
                                                                                                                                                      
                                                                                                                                                      
                                                                                                                                                      
                                                                                                                                                      
                                                                                                                                                      
                                                                                                                                                      
                                                                                                                                                      
                                                                                                                                                      
                                                                                                                                                      
                                                                                                                                                      
                                                                                                                                                      
                                                                                                                                                      
                                                                                                                                                      
                                                                                                                                                      
                                                                                                                                                      
                                                                                                                                                      
                                                                                                                                                      
                                                                                                                                                      
                                                                                                                                                      
                                                                                                                                                      
                                                                                                                                                      
                                                                                                                                                      
                                                                                                                                                      
                                                                                                                                                      