                                                                                                                                                      
                                                                                                                                                      
                                                                                                                                                      
                                                                                                                                                      
                         4866988698687      76868989483           987       18844686       9868669898                                                 
                           86       469    687      969          6897      86      687     83                                                         
                           99        882   86         67       787667      88      067     6                                                          
                           88       786    36897              56  967      4867   58       8650805                                                    
                           98739554881       38886881        88   86         888686        0177778897                                                 
                           86  7687              7186897    90    68       787   7869              882                                                
                           66    861      76         766   069986066892   68        88              69                                                
                           88     496      88         98          667     88        08    88       785                                                
                          798      7896    98687    788           865     788      487    099     590                                                 
                         009005      0983  77 76686897          742357      76986881        5866664                                                   
                                                                                                                                                      
                                                                                                                                                      
                                                                                                                                                      
                                                                                                                                                      
                                                67                   7        17                                                                      
      09    7777777777 70662           6987     7669                2686      868                              716996                                 
       8667     777   498477           898       588    8887        868       891 7779880     847   857  6871086801727                                
        669      738487               666 777777777777777154       888        887             989 77963  887                                          
         4   987   7887 7685         760              70          495   837   865   2         887   88   98                                           
             065   89    888         687    55717311174007       4885   980777     8687       997   86   86        891                                
    77 7807  587   687   882        6886               3        86894   687   61   489        881   88   88777798674097                               
    77 7887  493   687   863      78  68    77717777776883     84 285   987  769   466        867   86   88    880                                    
        68   567   66    865     78  789                      0   690   897  498   086        897   88  796    965                                    
        98   484777893777865         788    98577777779867        880   987  881   088        96972399  861    890                                    
        88   987   96    085         788    668       898         690   887  86    488        682   66  86     980                                    
        88   687   89  19891         796    089       288         985       987 082           68       691     684                                    
    7498  80 7          71           786    966  77 7 898         660     7887    8893                067      984                                    
    880    76886888968688888847      796    6697777777886         888   3897        888              89        886                                    
     7        777133540090667        586    087       707         03  227            29            79          887                                    
                                                                                                                                                      
                                                                                                                                                      
                                                                                                                                                      
                                                                                                                                                      
                                                                                                                                                      
                                                                                                                                                      
                                                                                                                                                      
                                                                                                                                                      
                                                                                                                                                      
                                                                                                                                                      
                                                                                                                                                      
                                                                                                                                                      
                                                                                                                                                      
                                                                                                                                                      
                                                                                                                                                      
                                                                                                                                                      
                                                                                                                                                      
                                                                                                                                                      
                                                                                                                                                      
                                                                                                                                                      
                                                                                                                                                      
                                                                                                                                                      
                                                                                                                                                      
                                                                                                                                                      
                                                                                                                                                      
                                                                                                                                                      
                                                                                                                                                      
                                                                                                                                                      
                                                                                                                                                      
                                                                                                                                                      
                                                                                                                                                      
                                                                                                                                                      