                                                                                                              
                                                                                                              
                                                                                                              
                  5668989888    788868987       967     968888     8989898                                    
                   781     96  187    768      8891    68    98    6                                          
                   761     89   689     7     80987    668  367   784899                                      
                   788688868     6898685    78  86      686889     8039986                                    
                   795 586     7     7689  788779681  789   789          86                                   
                    87   897   887     761  77778987  89      89  89     98                                   
                  7888    8891  686873868       968    86077889   88877086                                    
                  77777     71     3867         7 7      5002       7002                                      
                                                                                                              
                                                                                                              
                                   2                                                                          
    787  551777778891        86    788    7       898    684   3                 78968                        
     866    8887688         9887777 886  868     788     885779867   8937887 863689977                        
      86  87 4688  97       89          84       96  67  687 77      68  98  98                               
          98  98  898      697  7277777768      989  8877077 898     88  88  88     986                       
   51989  86  89  864     8869          86    76898  89  98  88      88  86  68 7888750                       
     786  88  68  980   78  88               79  86  68  89  68      88  69  88  286                          
      89  887788  886      786  5867777269      768  88 186  96      986298 097  368                          
      98  88  98  984      796  686     89      789  68 8897 89      69  76 88   388                          
   78888878   87 789       189  989     69      788    88  7688      7     86    586                          
   69   388668986666981    968  6687717396      468 7860     768         788     868                          
               777777      76    1      7        7 77          7         7        9                           
                                                                                                              
                                                                                                              
                                                                                                              
                                                                                                              
                                                                                                              
                                                                                                              
                                                                                                              
                                                                                                              
                                                                                                              
                                                                                                              
                                                                                                              
                                                                                                              
                                                                                                              
                                                                                                              
                                                                                                              
                                                                                                              
                                                                                                              
                                                                                                              
                                                                                                              
                                                                                                              
                                                                                                              
                                                                                                              
                                                                                                              